2 1 3
 3 1 25
 1 24 25
 2 3 4
 4 3 6
 3 5 6
 5 3 26
 3 25 26
 6 5 8
 5 7 8
 7 5 27
 5 26 27
 8 7 10
 7 9 10
 9 7 28
 7 27 28
 10 9 12
 9 11 12
 11 9 29
 9 28 29
 12 11 13
 13 11 30
 11 29 30
 12 13 14
 1741 1742 1700
 14 13 15
 15 13 31
 13 30 31
 14 15 16
 16 15 17
 17 15 32
 15 31 32
 16 17 18
 18 17 19
 19 17 32
 18 19 20
 20 19 22
 22 19 33
 19 32 33
 21 20 22
 21 22 162
 161 21 162
 22 33 34
 22 34 207
 162 22 207
 183 23 185
 23 183 225
 185 23 186
 186 23 187
 187 23 227
 23 225 227
 25 24 36
 24 35 36
 26 25 36
 27 26 37
 26 36 37
 28 27 38
 27 37 38
 29 28 40
 28 38 39
 28 39 40
 30 29 41
 29 40 41
 31 30 42
 30 41 42
 32 31 43
 31 42 43
 33 32 44
 32 43 44
 34 33 45
 33 44 45
 34 45 241
 207 34 241
 36 35 51
 35 50 51
 37 36 51
 38 37 52
 37 51 52
 39 38 53
 38 52 53
 40 39 55
 39 53 54
 39 54 55
 41 40 56
 40 55 56
 42 41 57
 41 56 57
 43 42 58
 42 57 58
 44 43 59
 43 58 59
 45 44 60
 44 59 60
 45 60 271
 241 45 271
 46 47 48
 47 46 69
 46 48 222
 69 46 253
 221 46 222
 46 221 253
 48 47 49
 49 47 71
 47 69 70
 47 70 71
 48 49 254
 222 48 224
 224 48 254
 49 71 280
 254 49 255
 255 49 280
 51 50 75
 50 73 75
 52 51 75
 53 52 76
 52 75 76
 54 53 77
 53 76 77
 55 54 78
 54 77 78
 56 55 80
 55 78 79
 55 79 80
 57 56 81
 56 80 81
 58 57 82
 57 81 82
 59 58 83
 58 82 83
 60 59 84
 59 83 84
 60 84 297
 271 60 297
 62 61 87
 61 62 249
 61 86 87
 86 61 277
 247 61 249
 61 247 277
 63 62 89
 62 63 250
 62 87 89
 249 62 250
 63 64 65
 64 63 89
 63 65 251
 250 63 251
 65 64 66
 66 64 91
 64 89 90
 64 90 91
 65 66 67
 65 67 252
 251 65 252
 67 66 68
 68 66 92
 66 91 92
 67 68 69
 67 69 253
 252 67 253
 69 68 70
 70 68 93
 68 92 93
 71 70 278
 70 93 278
 71 278 279
 71 279 280
 73 72 75
 72 74 75
 74 72 94
 75 74 76
 76 74 96
 74 94 95
 74 95 96
 77 76 96
 78 77 97
 77 96 97
 79 78 98
 78 97 98
 80 79 99
 79 98 99
 81 80 101
 80 99 100
 80 100 101
 82 81 102
 81 101 102
 83 82 103
 82 102 103
 84 83 104
 83 103 104
 84 104 323
 297 84 323
 85 86 277
 86 85 330
 275 85 277
 85 275 302
 85 302 329
 85 329 330
 87 86 332
 86 330 332
 87 88 89
 88 87 332
 89 88 90
 90 88 335
 88 332 333
 88 333 335
 91 90 337
 90 335 337
 92 91 303
 303 91 337
 93 92 304
 92 303 304
 278 93 305
 93 304 305
 95 94 106
 94 105 106
 96 95 108
 95 106 108
 97 96 108
 98 97 109
 97 108 109
 99 98 110
 98 109 110
 100 99 111
 99 110 111
 101 100 112
 100 111 112
 102 101 114
 101 112 113
 101 113 114
 103 102 115
 102 114 115
 104 103 345
 103 115 345
 323 104 346
 104 345 346
 106 105 117
 105 116 117
 106 107 108
 107 106 117
 108 107 109
 109 107 119
 107 117 118
 107 118 119
 110 109 119
 111 110 120
 110 119 120
 112 111 121
 111 120 121
 113 112 122
 112 121 122
 114 113 124
 113 122 123
 113 123 124
 115 114 363
 114 124 363
 345 115 364
 115 363 364
 117 116 126
 116 125 126
 118 117 126
 119 118 128
 118 126 127
 118 127 128
 120 119 128
 121 120 129
 120 128 129
 122 121 130
 121 129 130
 123 122 132
 122 130 131
 122 131 132
 124 123 382
 123 132 382
 363 124 383
 124 382 383
 126 125 135
 125 133 135
 127 126 135
 128 127 138
 127 135 137
 127 137 138
 129 128 138
 130 129 139
 129 138 139
 131 130 140
 130 139 140
 132 131 141
 131 140 141
 132 141 403
 382 132 404
 132 403 404
 133 134 135
 135 134 136
 136 134 142
 135 136 137
 137 136 146
 136 142 144
 136 144 146
 138 137 148
 137 146 148
 139 138 148
 140 139 151
 139 148 151
 141 140 153
 140 151 153
 141 153 425
 403 141 425
 142 143 144
 144 143 145
 145 143 155
 144 145 147
 146 144 147
 147 145 158
 145 155 157
 145 157 158
 146 147 149
 148 146 149
 149 147 150
 150 147 158
 148 149 151
 149 150 152
 151 149 152
 152 150 423
 150 158 449
 423 150 449
 151 152 153
 153 152 424
 152 423 424
 153 424 425
 155 154 157
 154 156 157
 156 154 471
 154 160 471
 157 156 159
 159 156 448
 448 156 471
 158 157 159
 158 159 449
 159 448 450
 449 159 450
 160 469 471
 161 162 164
 163 161 164
 164 162 208
 162 207 208
 163 164 166
 165 163 166
 166 164 209
 164 208 209
 165 166 168
 167 165 168
 168 166 210
 166 209 210
 167 168 169
 167 169 170
 169 168 211
 168 210 211
 170 169 171
 171 169 212
 169 211 212
 170 171 172
 172 171 173
 173 171 213
 171 212 213
 172 173 174
 174 173 175
 175 173 214
 173 213 214
 174 175 176
 176 175 177
 177 175 216
 175 214 216
 176 177 178
 178 177 179
 179 177 218
 177 216 218
 178 179 180
 180 179 181
 181 179 220
 179 218 220
 180 181 182
 182 181 184
 181 183 184
 183 181 223
 181 220 223
 184 183 185
 183 223 225
 186 187 189
 188 186 189
 189 187 229
 187 227 229
 188 189 191
 190 188 191
 191 189 231
 189 229 231
 190 191 193
 192 190 193
 193 191 194
 194 191 231
 192 193 196
 195 192 196
 193 194 196
 196 194 197
 197 194 232
 194 231 232
 195 196 199
 198 195 199
 196 197 199
 199 197 200
 200 197 233
 197 232 233
 198 199 202
 201 198 202
 199 200 202
 202 200 203
 203 200 235
 200 233 235
 201 202 206
 205 201 206
 202 203 206
 203 204 206
 204 203 240
 203 235 237
 203 237 240
 206 204 482
 204 240 498
 482 204 498
 205 206 484
 483 205 484
 206 482 484
 208 207 242
 207 241 242
 209 208 243
 208 242 243
 210 209 244
 209 243 244
 211 210 245
 210 244 245
 212 211 246
 211 245 246
 213 212 248
 212 246 248
 214 213 215
 215 213 248
 214 215 217
 216 214 217
 217 215 251
 215 248 250
 215 250 251
 216 217 219
 218 216 219
 219 217 252
 217 251 252
 218 219 221
 220 218 221
 221 219 253
 219 252 253
 220 221 222
 220 222 223
 223 222 224
 223 224 225
 225 224 226
 226 224 254
 225 226 227
 227 226 228
 228 226 256
 226 254 256
 227 228 229
 229 228 230
 230 228 258
 228 256 258
 229 230 231
 231 230 232
 232 230 260
 230 258 260
 233 232 234
 234 232 260
 233 234 235
 235 234 236
 236 234 263
 234 260 262
 234 262 263
 235 236 237
 237 236 238
 238 236 265
 236 263 265
 237 238 239
 237 239 240
 239 238 267
 238 265 267
 240 239 497
 239 267 269
 239 269 497
 240 497 498
 242 241 272
 241 271 272
 243 242 273
 242 272 273
 244 243 274
 243 273 274
 245 244 276
 244 274 276
 246 245 247
 247 245 276
 246 247 249
 248 246 249
 247 276 277
 248 249 250
 254 255 256
 256 255 257
 257 255 282
 255 280 282
 256 257 258
 258 257 259
 259 257 284
 257 282 284
 258 259 260
 260 259 262
 259 261 262
 261 259 284
 262 261 264
 264 261 288
 261 284 286
 261 286 288
 263 262 264
 263 264 266
 265 263 266
 266 264 290
 264 288 290
 265 266 268
 267 265 268
 268 266 292
 266 290 292
 267 268 270
 269 267 270
 270 268 294
 268 292 294
 269 270 511
 497 269 510
 510 269 511
 270 294 296
 270 296 511
 272 271 298
 271 297 298
 273 272 299
 272 298 299
 274 273 301
 273 299 301
 274 275 276
 275 274 301
 276 275 277
 275 301 302
 279 278 308
 278 305 308
 280 279 281
 281 279 311
 279 308 311
 280 281 282
 282 281 283
 283 281 314
 281 311 314
 282 283 284
 284 283 286
 283 285 286
 285 283 314
 286 285 287
 287 285 318
 285 314 316
 285 316 318
 286 287 288
 288 287 289
 289 287 320
 287 318 320
 288 289 290
 290 289 291
 291 289 321
 289 320 321
 290 291 292
 292 291 293
 293 291 322
 291 321 322
 292 293 294
 294 293 295
 295 293 523
 293 322 523
 294 295 296
 296 295 525
 295 523 524
 295 524 525
 511 296 514
 514 296 525
 298 297 324
 297 323 324
 299 298 326
 298 324 326
 299 300 301
 300 299 326
 301 300 302
 302 300 328
 300 326 327
 300 327 328
 302 328 329
 304 303 340
 303 337 338
 303 338 340
 305 304 306
 306 304 340
 305 306 307
 305 307 308
 307 306 344
 306 340 342
 306 342 344
 308 307 310
 307 309 310
 309 307 344
 308 310 311
 310 309 312
 312 309 558
 309 344 557
 309 557 558
 311 310 313
 310 312 313
 311 313 314
 313 312 315
 315 312 560
 312 558 560
 314 313 316
 313 315 316
 316 315 317
 317 315 561
 315 560 561
 316 317 318
 318 317 319
 319 317 563
 317 561 563
 318 319 320
 320 319 538
 538 319 568
 319 563 568
 321 320 538
 322 321 540
 321 538 540
 523 322 542
 322 540 542
 324 323 347
 323 346 347
 324 325 326
 325 324 347
 326 325 327
 327 325 349
 325 347 348
 325 348 349
 328 327 350
 327 349 350
 329 328 351
 328 350 351
 330 329 352
 329 351 352
 330 331 332
 331 330 352
 332 331 333
 333 331 356
 331 352 354
 331 354 356
 333 334 335
 334 333 356
 335 334 336
 336 334 359
 334 356 357
 334 357 359
 335 336 337
 337 336 338
 338 336 339
 339 336 359
 338 339 341
 340 338 341
 341 339 362
 339 359 360
 339 360 362
 340 341 342
 342 341 343
 343 341 362
 342 343 556
 344 342 556
 343 362 583
 556 343 584
 343 583 584
 344 556 557
 346 345 365
 345 364 365
 347 346 367
 346 365 367
 348 347 367
 349 348 369
 348 367 368
 348 368 369
 350 349 370
 349 369 370
 351 350 371
 350 370 371
 352 351 353
 353 351 371
 352 353 354
 354 353 374
 353 371 373
 353 373 374
 354 355 356
 355 354 374
 356 355 357
 357 355 376
 355 374 375
 355 375 376
 357 358 359
 358 357 376
 359 358 360
 360 358 381
 358 376 378
 358 378 381
 360 361 362
 361 360 381
 362 361 583
 361 381 608
 361 582 583
 582 361 608
 364 363 384
 363 383 384
 365 364 385
 364 384 385
 365 366 367
 366 365 385
 367 366 368
 368 366 387
 366 385 386
 366 386 387
 369 368 388
 368 387 388
 370 369 389
 369 388 389
 371 370 372
 372 370 389
 371 372 373
 373 372 391
 372 389 390
 372 390 391
 374 373 393
 373 391 393
 375 374 393
 376 375 377
 377 375 396
 375 393 396
 376 377 378
 378 377 379
 379 377 398
 377 396 398
 378 379 380
 378 380 381
 380 379 402
 379 398 401
 379 401 402
 381 380 608
 380 402 607
 380 607 608
 383 382 405
 382 404 405
 384 383 406
 383 405 406
 385 384 407
 384 406 407
 386 385 407
 387 386 410
 386 407 408
 386 408 410
 388 387 412
 387 410 412
 389 388 414
 388 412 414
 390 389 414
 391 390 392
 392 390 418
 390 414 418
 391 392 394
 393 391 394
 394 392 395
 395 392 420
 392 418 420
 393 394 396
 394 395 397
 396 394 397
 397 395 422
 395 420 421
 395 421 422
 396 397 398
 398 397 399
 399 397 422
 398 399 401
 399 400 401
 400 399 640
 399 422 640
 401 400 626
 626 400 643
 400 640 642
 400 642 643
 402 401 626
 607 402 628
 402 626 628
 404 403 430
 403 425 428
 403 428 430
 405 404 433
 404 430 433
 406 405 436
 405 433 436
 407 406 437
 406 436 437
 408 407 437
 408 409 410
 409 408 442
 408 437 442
 410 409 411
 411 409 446
 409 442 444
 409 444 446
 410 411 412
 412 411 415
 411 413 415
 413 411 446
 414 412 415
 415 413 417
 413 416 417
 416 413 447
 413 446 447
 414 415 418
 415 417 418
 417 416 419
 419 416 657
 416 447 654
 416 654 657
 418 417 420
 417 419 420
 420 419 421
 421 419 636
 636 419 657
 422 421 638
 421 636 638
 422 638 640
 424 423 454
 423 449 452
 423 452 454
 425 424 426
 426 424 454
 425 426 428
 426 427 428
 427 426 457
 426 454 457
 428 427 429
 429 427 465
 427 457 461
 427 461 465
 428 429 430
 430 429 432
 429 431 432
 431 429 465
 430 432 433
 432 431 434
 434 431 467
 431 465 466
 431 466 467
 433 432 435
 432 434 435
 433 435 436
 435 434 439
 439 434 468
 434 467 468
 436 435 438
 438 435 439
 437 436 438
 437 438 442
 438 439 441
 438 441 442
 439 440 441
 440 439 468
 441 440 443
 443 440 649
 440 468 678
 649 440 678
 442 441 444
 441 443 444
 444 443 445
 445 443 650
 443 649 650
 444 445 446
 446 445 447
 447 445 652
 445 650 652
 447 652 654
 450 448 451
 451 448 473
 448 471 473
 449 450 452
 450 451 453
 452 450 453
 453 451 477
 451 473 475
 451 475 477
 452 453 455
 454 452 455
 455 453 456
 456 453 477
 454 455 457
 455 456 458
 457 455 458
 458 456 459
 459 456 478
 456 477 478
 457 458 461
 458 459 462
 461 458 462
 459 460 462
 460 459 479
 459 478 479
 462 460 464
 460 463 464
 463 460 666
 460 479 666
 461 462 465
 462 464 465
 464 463 669
 463 666 667
 463 667 668
 463 668 669
 465 464 466
 466 464 669
 467 466 672
 466 669 672
 468 467 675
 467 672 675
 468 675 678
 469 470 471
 470 469 480
 471 470 473
 470 472 473
 472 470 481
 470 480 481
 473 472 475
 472 474 475
 474 472 687
 472 481 687
 475 474 476
 476 474 690
 474 687 688
 474 688 690
 475 476 477
 477 476 478
 478 476 693
 476 690 693
 479 478 693
 666 479 696
 479 693 696
 481 480 705
 687 481 707
 481 705 707
 484 482 485
 485 482 499
 482 498 499
 483 484 486
 483 486 487
 484 485 486
 486 485 488
 488 485 501
 485 499 501
 487 486 489
 486 488 489
 487 489 490
 489 488 491
 491 488 503
 488 501 503
 490 489 492
 489 491 492
 490 492 493
 492 491 494
 494 491 506
 491 503 506
 493 492 495
 492 494 495
 493 495 496
 495 494 715
 494 506 714
 494 714 715
 496 495 716
 495 715 716
 496 716 717
 498 497 500
 500 497 510
 499 498 500
 499 500 502
 501 499 502
 502 500 512
 500 510 512
 501 502 504
 503 501 504
 504 502 505
 505 502 512
 503 504 507
 506 503 507
 504 505 508
 507 504 508
 508 505 517
 505 512 515
 505 515 517
 506 507 726
 714 506 726
 507 508 509
 507 509 726
 509 508 519
 508 517 519
 509 519 734
 726 509 728
 728 509 734
 510 511 513
 512 510 513
 513 511 514
 512 513 515
 513 514 516
 515 513 516
 516 514 527
 514 525 527
 515 516 518
 517 515 518
 518 516 530
 516 527 530
 517 518 520
 519 517 520
 520 518 533
 518 530 533
 519 520 522
 519 522 734
 520 521 522
 521 520 533
 522 521 735
 521 533 535
 521 535 743
 735 521 743
 734 522 737
 522 735 737
 524 523 544
 523 542 544
 525 524 526
 526 524 547
 524 544 547
 525 526 527
 527 526 529
 526 528 529
 528 526 547
 527 529 530
 529 528 531
 531 528 552
 528 547 549
 528 549 552
 530 529 532
 529 531 532
 530 532 533
 532 531 534
 534 531 555
 531 552 555
 533 532 535
 532 534 535
 535 534 537
 534 536 537
 536 534 555
 535 537 743
 537 536 744
 536 555 758
 744 536 762
 536 758 762
 743 537 745
 537 744 745
 538 539 540
 539 538 568
 540 539 541
 541 539 573
 539 568 570
 539 570 573
 540 541 542
 542 541 543
 543 541 576
 541 573 576
 542 543 544
 544 543 546
 543 545 546
 545 543 576
 544 546 547
 546 545 548
 548 545 581
 545 576 579
 545 579 581
 547 546 549
 546 548 549
 549 548 551
 548 550 551
 550 548 581
 549 551 552
 551 550 553
 553 550 780
 550 581 777
 550 777 780
 552 551 554
 551 553 554
 552 554 555
 554 553 757
 553 756 757
 756 553 780
 555 554 758
 554 757 758
 557 556 586
 556 584 586
 558 557 588
 557 586 588
 558 559 560
 559 558 588
 560 559 562
 562 559 593
 559 588 591
 559 591 593
 561 560 562
 561 562 564
 563 561 564
 564 562 565
 565 562 593
 563 564 567
 563 567 568
 564 565 566
 564 566 567
 566 565 599
 565 593 596
 565 596 599
 567 566 569
 569 566 603
 566 599 603
 568 567 570
 567 569 570
 570 569 572
 569 571 572
 571 569 603
 570 572 573
 572 571 574
 574 571 606
 571 603 605
 571 605 606
 573 572 575
 572 574 575
 573 575 576
 575 574 578
 574 577 578
 577 574 606
 576 575 579
 575 578 579
 578 577 774
 577 606 797
 774 577 800
 577 797 800
 579 578 580
 580 578 774
 579 580 581
 581 580 777
 580 774 776
 580 776 777
 583 582 585
 585 582 612
 582 608 610
 582 610 612
 584 583 585
 584 585 587
 586 584 587
 587 585 615
 585 612 615
 586 587 589
 588 586 589
 589 587 590
 590 587 615
 588 589 591
 589 590 592
 591 589 592
 592 590 619
 590 615 617
 590 617 619
 591 592 594
 593 591 594
 594 592 595
 595 592 619
 593 594 596
 594 595 597
 596 594 597
 597 595 624
 595 619 622
 595 622 624
 596 597 598
 596 598 599
 598 597 600
 600 597 624
 599 598 602
 598 600 601
 598 601 602
 599 602 603
 601 600 813
 600 624 625
 600 625 813
 602 601 604
 604 601 792
 792 601 813
 603 602 605
 602 604 605
 605 604 794
 604 792 793
 604 793 794
 606 605 794
 606 794 797
 608 607 610
 607 609 610
 609 607 628
 610 609 611
 611 609 631
 609 628 629
 609 629 631
 610 611 612
 612 611 614
 611 613 614
 613 611 631
 612 614 615
 614 613 616
 616 613 635
 613 631 634
 613 634 635
 615 614 617
 614 616 617
 617 616 620
 616 618 620
 618 616 635
 619 617 620
 620 618 621
 621 618 836
 618 635 833
 618 833 836
 619 620 622
 620 621 622
 622 621 623
 623 621 810
 810 621 836
 622 623 624
 624 623 625
 625 623 811
 623 810 811
 625 811 814
 813 625 814
 626 627 628
 627 626 643
 628 627 629
 629 627 630
 630 627 646
 627 643 646
 629 630 632
 631 629 632
 632 630 633
 633 630 648
 630 646 648
 631 632 634
 632 633 826
 634 632 826
 633 648 843
 826 633 827
 827 633 843
 635 634 829
 634 826 829
 635 829 833
 636 637 638
 637 636 660
 636 657 660
 638 637 639
 639 637 664
 637 660 662
 637 662 664
 638 639 640
 640 639 642
 639 641 642
 641 639 664
 642 641 644
 644 641 645
 645 641 665
 641 664 665
 643 642 644
 643 644 646
 644 645 647
 646 644 647
 647 645 840
 645 665 849
 840 645 849
 646 647 648
 648 647 841
 647 840 841
 648 841 843
 650 649 682
 649 678 680
 649 680 682
 650 651 652
 651 650 682
 652 651 653
 653 651 685
 651 682 683
 651 683 685
 652 653 654
 654 653 656
 653 655 656
 655 653 685
 654 656 657
 656 655 659
 655 658 659
 658 655 686
 655 685 686
 657 656 660
 656 659 660
 659 658 661
 661 658 871
 658 686 868
 658 868 871
 660 659 662
 659 661 662
 662 661 663
 663 661 846
 846 661 871
 662 663 664
 664 663 665
 665 663 848
 663 846 848
 665 848 849
 667 666 698
 666 696 698
 668 667 702
 667 698 700
 667 700 702
 669 668 671
 668 670 671
 670 668 702
 669 671 672
 671 670 673
 673 670 891
 670 702 703
 670 703 891
 672 671 674
 671 673 674
 672 674 675
 674 673 676
 676 673 855
 855 673 891
 675 674 677
 674 676 677
 675 677 678
 677 676 679
 679 676 856
 676 855 856
 678 677 680
 677 679 680
 680 679 681
 681 679 858
 679 856 858
 680 681 682
 682 681 683
 683 681 860
 681 858 860
 683 684 685
 684 683 860
 685 684 686
 686 684 865
 684 860 862
 684 862 865
 686 865 868
 688 687 711
 687 707 711
 688 689 690
 689 688 712
 688 711 712
 690 689 692
 689 691 692
 691 689 713
 689 712 713
 690 692 693
 692 691 694
 694 691 695
 695 691 916
 691 713 916
 693 692 696
 692 694 696
 694 695 697
 696 694 698
 694 697 698
 697 695 876
 695 875 876
 875 695 916
 698 697 700
 697 699 700
 699 697 876
 700 699 702
 699 701 702
 701 699 879
 699 876 879
 702 701 703
 703 701 882
 701 879 882
 703 882 885
 703 885 889
 703 889 891
 705 704 707
 704 706 709
 707 704 708
 708 704 709
 709 706 905
 706 903 905
 707 708 711
 708 709 710
 708 710 711
 710 709 907
 709 905 907
 711 710 712
 712 710 910
 710 907 910
 713 712 910
 713 910 913
 713 913 916
 715 714 718
 718 714 727
 714 726 727
 716 715 719
 715 718 719
 717 716 720
 716 719 720
 717 720 721
 719 718 722
 722 718 729
 718 727 729
 720 719 723
 719 722 723
 721 720 724
 720 723 724
 721 724 725
 723 722 924
 722 729 731
 722 731 924
 724 723 925
 723 924 925
 725 724 926
 724 925 926
 725 926 927
 727 726 728
 727 728 730
 729 727 730
 730 728 736
 728 734 736
 729 730 732
 731 729 732
 732 730 733
 733 730 736
 731 732 941
 924 731 940
 940 731 941
 732 733 942
 941 732 942
 733 736 739
 733 739 953
 942 733 953
 736 734 737
 737 735 738
 738 735 746
 735 743 746
 736 737 739
 737 738 739
 739 738 741
 738 740 741
 740 738 746
 739 741 953
 741 740 742
 742 740 750
 740 746 749
 740 749 750
 741 742 955
 953 741 955
 742 750 968
 955 742 958
 958 742 968
 743 745 746
 745 744 748
 744 747 748
 747 744 762
 746 745 749
 745 748 749
 748 747 752
 752 747 770
 747 762 766
 747 766 770
 749 748 751
 751 748 752
 750 749 751
 750 751 753
 750 753 968
 751 752 755
 753 751 755
 752 754 755
 754 752 770
 753 755 972
 968 753 971
 971 753 972
 755 754 970
 754 770 773
 754 773 1016
 970 754 1016
 755 970 972
 757 756 760
 756 759 760
 759 756 783
 756 780 783
 758 757 761
 757 760 761
 758 761 762
 760 759 764
 759 763 764
 763 759 786
 759 783 786
 761 760 765
 760 764 765
 762 761 766
 761 765 766
 764 763 767
 767 763 790
 763 786 788
 763 788 790
 765 764 768
 764 767 768
 766 765 769
 765 768 769
 766 769 770
 768 767 771
 771 767 791
 767 790 791
 769 768 772
 768 771 772
 770 769 773
 769 772 773
 772 771 1014
 771 791 1013
 771 1013 1014
 773 772 1015
 772 1014 1015
 773 1015 1016
 774 775 776
 775 774 800
 776 775 778
 778 775 806
 775 800 803
 775 803 806
 777 776 779
 776 778 779
 777 779 780
 779 778 782
 778 781 782
 781 778 806
 780 779 783
 779 782 783
 782 781 785
 781 784 785
 784 781 808
 781 806 808
 783 782 786
 782 785 786
 785 784 787
 787 784 1059
 784 808 809
 784 809 1059
 786 785 788
 785 787 788
 788 787 789
 789 787 1061
 787 1059 1061
 788 789 790
 790 789 1065
 789 1061 1064
 789 1064 1065
 791 790 1065
 1013 791 1069
 791 1065 1069
 793 792 820
 792 813 817
 792 817 820
 794 793 796
 793 795 796
 795 793 820
 794 796 797
 796 795 798
 798 795 825
 795 820 823
 795 823 825
 797 796 799
 796 798 799
 797 799 800
 799 798 802
 798 801 802
 801 798 825
 800 799 803
 799 802 803
 802 801 804
 804 801 1107
 801 825 1146
 1107 801 1146
 803 802 805
 802 804 805
 803 805 806
 805 804 807
 807 804 1110
 804 1107 1110
 806 805 808
 805 807 808
 808 807 809
 809 807 1114
 807 1110 1114
 1059 809 1118
 809 1114 1118
 811 810 812
 812 810 838
 810 836 838
 811 812 815
 814 811 815
 815 812 816
 816 812 839
 812 838 839
 813 814 817
 814 815 818
 817 814 818
 815 816 819
 818 815 819
 819 816 1133
 816 839 1162
 1133 816 1162
 817 818 821
 820 817 821
 818 819 822
 821 818 822
 822 819 1134
 819 1133 1134
 820 821 823
 821 822 824
 823 821 824
 824 822 1136
 822 1134 1136
 823 824 1139
 825 823 1139
 824 1136 1140
 1139 824 1140
 825 1139 1146
 826 827 828
 826 828 829
 828 827 830
 830 827 845
 827 843 845
 829 828 832
 828 830 831
 828 831 832
 829 832 833
 831 830 1151
 830 845 1178
 1151 830 1178
 832 831 834
 834 831 1153
 831 1151 1153
 833 832 835
 832 834 835
 833 835 836
 835 834 837
 837 834 1157
 834 1153 1157
 836 835 838
 835 837 838
 838 837 839
 839 837 1158
 837 1157 1158
 839 1158 1162
 841 840 842
 842 840 852
 840 849 852
 841 842 844
 843 841 844
 844 842 1170
 842 852 854
 842 854 1170
 843 844 845
 845 844 1174
 844 1170 1174
 845 1174 1178
 846 847 848
 847 846 873
 846 871 873
 848 847 850
 850 847 851
 851 847 874
 847 873 874
 849 848 850
 849 850 852
 850 851 853
 852 850 853
 853 851 1187
 851 874 1204
 1187 851 1204
 852 853 854
 854 853 1191
 853 1187 1191
 1170 854 1171
 1171 854 1191
 856 855 895
 855 891 892
 855 892 895
 856 857 858
 857 856 895
 858 857 859
 859 857 901
 857 895 898
 857 898 901
 858 859 860
 860 859 862
 859 861 862
 861 859 901
 862 861 864
 861 863 864
 863 861 902
 861 901 902
 862 864 865
 864 863 866
 866 863 1232
 863 902 1228
 863 1228 1232
 865 864 867
 864 866 867
 865 867 868
 867 866 869
 869 866 1194
 1194 866 1232
 868 867 870
 867 869 870
 868 870 871
 870 869 872
 872 869 1196
 869 1194 1196
 871 870 873
 870 872 873
 873 872 874
 874 872 1200
 872 1196 1200
 874 1200 1204
 876 875 877
 877 875 920
 875 916 917
 875 917 920
 876 877 879
 877 878 880
 878 877 920
 879 877 880
 880 878 881
 881 878 922
 878 920 921
 878 921 922
 879 880 882
 880 881 883
 882 880 883
 883 881 884
 884 881 923
 881 922 923
 882 883 885
 883 884 886
 885 883 886
 886 884 887
 887 884 1206
 884 923 1267
 1206 884 1267
 885 886 888
 885 888 889
 886 887 890
 888 886 890
 890 887 1207
 887 1206 1207
 889 888 893
 888 890 894
 893 888 894
 891 889 892
 892 889 893
 894 890 1208
 890 1207 1208
 892 893 896
 895 892 896
 893 894 897
 896 893 897
 897 894 1210
 894 1208 1210
 895 896 898
 896 897 899
 898 896 899
 899 897 1213
 897 1210 1213
 898 899 900
 898 900 901
 900 899 1220
 899 1213 1220
 901 900 902
 902 900 1224
 900 1220 1224
 902 1224 1228
 903 904 906
 905 903 906
 906 904 1241
 904 1238 1241
 905 906 908
 907 905 908
 908 906 909
 909 906 1241
 907 908 911
 910 907 911
 908 909 912
 911 908 912
 912 909 1246
 909 1241 1244
 909 1244 1246
 910 911 913
 911 912 914
 913 911 914
 914 912 915
 915 912 1246
 913 914 917
 916 913 917
 914 915 918
 917 914 918
 918 915 919
 919 915 1249
 915 1246 1249
 917 918 920
 918 919 921
 920 918 921
 921 919 1255
 919 1249 1252
 919 1252 1255
 922 921 1255
 923 922 1258
 922 1255 1258
 923 1258 1261
 923 1261 1267
 925 924 928
 928 924 940
 926 925 929
 925 928 929
 927 926 932
 926 929 931
 926 931 932
 929 928 930
 930 928 943
 928 940 943
 929 930 933
 931 929 933
 933 930 934
 934 930 946
 930 943 946
 932 931 936
 931 933 935
 931 935 936
 933 934 937
 935 933 937
 937 934 1277
 934 946 949
 934 949 1277
 936 935 938
 935 937 938
 938 937 1278
 937 1277 1278
 939 938 1282
 938 1278 1282
 939 1282 1283
 940 941 944
 943 940 944
 941 942 945
 944 941 945
 945 942 954
 942 953 954
 943 944 947
 946 943 947
 944 945 948
 947 944 948
 948 945 956
 945 954 956
 946 947 950
 949 946 950
 947 948 951
 950 947 951
 951 948 959
 948 956 959
 949 950 1298
 1277 949 1297
 1297 949 1298
 950 951 952
 950 952 1298
 952 951 961
 951 959 961
 952 961 1308
 1298 952 1303
 1303 952 1308
 954 953 955
 954 955 957
 956 954 957
 957 955 958
 956 957 960
 959 956 960
 957 958 962
 960 957 962
 962 958 969
 958 968 969
 959 960 963
 961 959 963
 960 962 964
 963 960 964
 961 963 1310
 1308 961 1310
 964 962 965
 965 962 969
 963 964 966
 963 966 1310
 964 965 967
 966 964 967
 967 965 980
 965 969 976
 965 976 980
 966 967 1318
 1310 966 1315
 1315 966 1318
 967 980 985
 967 985 1318
 969 968 971
 969 971 976
 972 970 974
 970 973 974
 973 970 1016
 971 972 975
 971 975 976
 972 974 975
 974 973 977
 977 973 1024
 973 1016 1020
 973 1020 1024
 975 974 978
 974 977 978
 976 975 979
 975 978 979
 976 979 980
 978 977 982
 977 981 982
 981 977 1024
 979 978 983
 978 982 983
 980 979 983
 980 983 984
 980 984 985
 982 981 987
 981 986 987
 986 981 1028
 981 1024 1028
 983 982 988
 982 987 988
 984 983 988
 985 984 989
 984 988 989
 985 989 1338
 1318 985 1338
 987 986 991
 986 990 991
 990 986 1031
 986 1028 1031
 988 987 992
 987 991 992
 989 988 993
 988 992 993
 989 993 1338
 991 990 994
 994 990 1035
 990 1031 1032
 990 1032 1035
 992 991 995
 991 994 995
 993 992 996
 992 995 996
 993 996 1340
 1338 993 1339
 1339 993 1340
 995 994 998
 994 997 998
 997 994 1035
 996 995 999
 995 998 999
 996 999 1000
 996 1000 1340
 998 997 1003
 1003 997 1004
 1004 997 1039
 997 1035 1039
 999 998 1002
 1002 998 1003
 1000 999 1001
 1001 999 1002
 1000 1001 1332
 1000 1332 1341
 1340 1000 1341
 1001 1002 1006
 1005 1001 1006
 1001 1005 1332
 1002 1003 1008
 1006 1002 1008
 1003 1004 1007
 1003 1007 1008
 1007 1004 1045
 1004 1039 1042
 1004 1042 1045
 1005 1006 1009
 1005 1009 1344
 1332 1005 1342
 1342 1005 1344
 1006 1008 1010
 1009 1006 1010
 1008 1007 1011
 1011 1007 1048
 1007 1045 1048
 1010 1008 1011
 1009 1010 1012
 1009 1012 1348
 1344 1009 1348
 1010 1011 1051
 1012 1010 1051
 1011 1048 1054
 1051 1011 1054
 1012 1051 1055
 1012 1055 1353
 1348 1012 1353
 1014 1013 1018
 1013 1017 1018
 1017 1013 1069
 1015 1014 1019
 1014 1018 1019
 1016 1015 1020
 1015 1019 1020
 1018 1017 1021
 1021 1017 1076
 1017 1069 1073
 1017 1073 1076
 1019 1018 1022
 1018 1021 1022
 1020 1019 1023
 1019 1022 1023
 1020 1023 1024
 1022 1021 1026
 1021 1025 1026
 1025 1021 1076
 1023 1022 1027
 1022 1026 1027
 1024 1023 1028
 1023 1027 1028
 1026 1025 1029
 1029 1025 1083
 1025 1076 1079
 1025 1079 1083
 1027 1026 1030
 1026 1029 1030
 1028 1027 1031
 1027 1030 1031
 1030 1029 1033
 1033 1029 1034
 1034 1029 1083
 1031 1030 1032
 1032 1030 1033
 1032 1033 1036
 1035 1032 1036
 1033 1034 1037
 1036 1033 1037
 1037 1034 1038
 1038 1034 1092
 1034 1083 1092
 1035 1036 1039
 1036 1037 1040
 1039 1036 1040
 1037 1038 1041
 1040 1037 1041
 1041 1038 1100
 1038 1092 1096
 1038 1096 1100
 1039 1040 1042
 1040 1041 1043
 1042 1040 1043
 1043 1041 1044
 1044 1041 1100
 1042 1043 1046
 1045 1042 1046
 1043 1044 1046
 1046 1044 1047
 1047 1044 1101
 1099 1044 1100
 1044 1099 1101
 1045 1046 1049
 1048 1045 1049
 1046 1047 1049
 1049 1047 1050
 1050 1047 1103
 1047 1101 1103
 1048 1049 1053
 1048 1053 1054
 1049 1050 1053
 1050 1052 1053
 1052 1050 1105
 1050 1103 1105
 1051 1054 1058
 1055 1051 1058
 1053 1052 1057
 1052 1056 1057
 1056 1052 1106
 1052 1105 1106
 1054 1053 1057
 1054 1057 1058
 1055 1058 1372
 1353 1055 1369
 1369 1055 1372
 1057 1056 1371
 1056 1106 1367
 1056 1367 1370
 1056 1370 1371
 1058 1057 1371
 1058 1371 1372
 1059 1060 1061
 1060 1059 1118
 1061 1060 1063
 1060 1062 1063
 1062 1060 1119
 1060 1118 1119
 1061 1063 1064
 1063 1062 1066
 1066 1062 1127
 1062 1119 1123
 1062 1123 1127
 1064 1063 1067
 1063 1066 1067
 1065 1064 1068
 1064 1067 1068
 1065 1068 1069
 1067 1066 1072
 1066 1070 1072
 1070 1066 1127
 1068 1067 1071
 1071 1067 1072
 1069 1068 1073
 1068 1071 1073
 1072 1070 1077
 1070 1075 1077
 1075 1070 1130
 1070 1127 1130
 1071 1072 1078
 1073 1071 1074
 1074 1071 1078
 1072 1077 1078
 1073 1074 1076
 1076 1074 1079
 1074 1078 1082
 1079 1074 1082
 1077 1075 1080
 1080 1075 1132
 1075 1130 1131
 1075 1131 1132
 1078 1077 1081
 1077 1080 1081
 1078 1081 1082
 1079 1082 1087
 1083 1079 1087
 1081 1080 1085
 1080 1084 1085
 1084 1080 1132
 1082 1081 1086
 1081 1085 1086
 1082 1086 1087
 1083 1087 1092
 1085 1084 1089
 1084 1088 1089
 1088 1084 1449
 1084 1132 1449
 1086 1085 1090
 1085 1089 1090
 1087 1086 1091
 1086 1090 1091
 1087 1091 1092
 1089 1088 1093
 1093 1088 1390
 1390 1088 1452
 1088 1449 1452
 1090 1089 1094
 1089 1093 1094
 1091 1090 1095
 1090 1094 1095
 1092 1091 1096
 1091 1095 1096
 1094 1093 1097
 1097 1093 1392
 1093 1390 1392
 1095 1094 1098
 1094 1097 1098
 1096 1095 1099
 1095 1098 1099
 1096 1099 1100
 1098 1097 1102
 1102 1097 1393
 1097 1392 1393
 1099 1098 1101
 1101 1098 1102
 1101 1102 1103
 1103 1102 1104
 1104 1102 1393
 1103 1104 1105
 1105 1104 1402
 1104 1393 1398
 1104 1398 1402
 1106 1105 1402
 1367 1106 1406
 1106 1402 1406
 1107 1109 1110
 1109 1107 1148
 1107 1146 1148
 1109 1108 1112
 1108 1109 1148
 1108 1111 1112
 1111 1108 1150
 1108 1148 1149
 1108 1149 1150
 1110 1109 1113
 1109 1112 1113
 1110 1113 1114
 1112 1111 1115
 1115 1111 1421
 1111 1150 1416
 1111 1416 1421
 1113 1112 1116
 1112 1115 1116
 1114 1113 1117
 1113 1116 1117
 1114 1117 1118
 1116 1115 1121
 1121 1115 1122
 1122 1115 1421
 1117 1116 1120
 1120 1116 1121
 1118 1117 1119
 1119 1117 1120
 1119 1120 1123
 1120 1121 1125
 1123 1120 1125
 1121 1122 1124
 1121 1124 1125
 1124 1122 1429
 1122 1421 1425
 1122 1425 1429
 1123 1125 1128
 1127 1123 1128
 1125 1124 1126
 1126 1124 1433
 1124 1429 1433
 1125 1126 1128
 1128 1126 1129
 1129 1126 1437
 1126 1433 1437
 1127 1128 1130
 1128 1129 1130
 1130 1129 1131
 1131 1129 1441
 1129 1437 1441
 1132 1131 1445
 1131 1441 1445
 1132 1445 1449
 1134 1133 1135
 1135 1133 1166
 1133 1162 1166
 1134 1135 1137
 1136 1134 1137
 1137 1135 1138
 1138 1135 1169
 1135 1166 1169
 1136 1137 1142
 1140 1136 1142
 1137 1138 1141
 1137 1141 1142
 1141 1138 1463
 1138 1169 1458
 1138 1458 1463
 1139 1140 1144
 1139 1144 1146
 1140 1142 1145
 1144 1140 1145
 1142 1141 1143
 1143 1141 1468
 1141 1463 1468
 1142 1143 1145
 1145 1143 1147
 1147 1143 1473
 1143 1468 1473
 1144 1145 1149
 1146 1144 1148
 1148 1144 1149
 1145 1147 1149
 1149 1147 1150
 1150 1147 1478
 1147 1473 1478
 1416 1150 1478
 1151 1152 1153
 1152 1151 1182
 1151 1178 1182
 1153 1152 1156
 1152 1155 1156
 1155 1152 1184
 1152 1182 1184
 1153 1156 1157
 1155 1154 1161
 1154 1155 1184
 1161 1154 1482
 1183 1154 1184
 1154 1183 1481
 1154 1481 1482
 1156 1155 1160
 1160 1155 1161
 1157 1156 1159
 1159 1156 1160
 1158 1157 1159
 1158 1159 1163
 1162 1158 1163
 1159 1160 1164
 1163 1159 1164
 1160 1161 1165
 1164 1160 1165
 1165 1161 1486
 1161 1482 1486
 1162 1163 1166
 1163 1164 1167
 1166 1163 1167
 1164 1165 1168
 1167 1164 1168
 1168 1165 1490
 1165 1486 1490
 1166 1167 1169
 1167 1168 1497
 1169 1167 1497
 1168 1490 1498
 1497 1168 1498
 1458 1169 1497
 1170 1171 1175
 1174 1170 1175
 1171 1173 1175
 1173 1171 1193
 1171 1191 1193
 1173 1172 1176
 1172 1173 1193
 1176 1172 1503
 1192 1172 1193
 1172 1192 1502
 1172 1502 1503
 1175 1173 1177
 1173 1176 1177
 1174 1175 1179
 1178 1174 1179
 1175 1177 1179
 1177 1176 1180
 1180 1176 1507
 1176 1503 1507
 1179 1177 1181
 1177 1180 1181
 1178 1179 1182
 1179 1181 1182
 1181 1180 1183
 1183 1180 1511
 1180 1507 1511
 1182 1181 1184
 1181 1183 1184
 1481 1183 1511
 1186 1185 1189
 1185 1186 1203
 1185 1188 1189
 1188 1185 1205
 1202 1185 1203
 1185 1202 1205
 1187 1186 1190
 1186 1187 1204
 1186 1189 1190
 1203 1186 1204
 1187 1190 1191
 1189 1188 1522
 1188 1205 1518
 1188 1518 1521
 1188 1521 1522
 1190 1189 1192
 1192 1189 1522
 1191 1190 1193
 1190 1192 1193
 1502 1192 1522
 1194 1195 1196
 1195 1194 1235
 1194 1232 1235
 1196 1195 1199
 1195 1198 1199
 1198 1195 1237
 1195 1235 1237
 1196 1199 1200
 1198 1197 1201
 1197 1198 1237
 1201 1197 1530
 1236 1197 1237
 1197 1236 1551
 1530 1197 1551
 1199 1198 1202
 1198 1201 1202
 1200 1199 1203
 1199 1202 1203
 1200 1203 1204
 1202 1201 1205
 1205 1201 1531
 1201 1530 1531
 1518 1205 1531
 1207 1206 1271
 1206 1267 1270
 1206 1270 1271
 1208 1207 1209
 1209 1207 1271
 1208 1209 1211
 1210 1208 1211
 1211 1209 1212
 1212 1209 1274
 1209 1271 1274
 1210 1211 1215
 1213 1210 1215
 1211 1212 1216
 1215 1211 1216
 1212 1214 1216
 1214 1212 1276
 1212 1274 1276
 1213 1215 1219
 1213 1219 1220
 1216 1214 1217
 1217 1214 1534
 1214 1276 1596
 1534 1214 1596
 1215 1216 1218
 1215 1218 1219
 1216 1217 1218
 1218 1217 1221
 1221 1217 1537
 1217 1534 1537
 1219 1218 1222
 1218 1221 1222
 1220 1219 1223
 1219 1222 1223
 1220 1223 1224
 1222 1221 1225
 1225 1221 1539
 1221 1537 1539
 1223 1222 1226
 1222 1225 1226
 1224 1223 1227
 1223 1226 1227
 1224 1227 1228
 1226 1225 1229
 1229 1225 1542
 1225 1539 1542
 1227 1226 1230
 1226 1229 1230
 1228 1227 1231
 1227 1230 1231
 1228 1231 1232
 1230 1229 1233
 1233 1229 1545
 1229 1542 1545
 1231 1230 1234
 1230 1233 1234
 1232 1231 1235
 1231 1234 1235
 1234 1233 1236
 1236 1233 1547
 1233 1545 1547
 1235 1234 1237
 1234 1236 1237
 1236 1547 1551
 1238 1239 1242
 1241 1238 1242
 1239 1240 1243
 1242 1239 1243
 1243 1240 1555
 1240 1553 1555
 1241 1242 1244
 1242 1243 1245
 1244 1242 1245
 1245 1243 1559
 1243 1555 1559
 1244 1245 1247
 1246 1244 1247
 1247 1245 1248
 1248 1245 1559
 1246 1247 1249
 1247 1248 1250
 1249 1247 1250
 1250 1248 1251
 1251 1248 1560
 1248 1559 1560
 1249 1250 1252
 1250 1251 1253
 1252 1250 1253
 1253 1251 1254
 1254 1251 1563
 1251 1560 1563
 1252 1253 1256
 1255 1252 1256
 1253 1254 1257
 1256 1253 1257
 1257 1254 1569
 1254 1563 1566
 1254 1566 1569
 1255 1256 1258
 1256 1257 1259
 1258 1256 1259
 1259 1257 1260
 1260 1257 1569
 1258 1259 1261
 1259 1260 1262
 1261 1259 1262
 1262 1260 1263
 1263 1260 1573
 1260 1569 1573
 1261 1262 1266
 1261 1266 1267
 1262 1263 1264
 1262 1264 1266
 1264 1263 1265
 1265 1263 1576
 1263 1573 1576
 1264 1265 1269
 1266 1264 1270
 1264 1269 1270
 1265 1268 1269
 1268 1265 1579
 1265 1576 1579
 1267 1266 1270
 1269 1268 1272
 1272 1268 1273
 1273 1268 1582
 1268 1579 1582
 1270 1269 1271
 1271 1269 1272
 1271 1272 1274
 1272 1273 1275
 1274 1272 1275
 1275 1273 1590
 1273 1582 1585
 1273 1585 1590
 1274 1275 1276
 1276 1275 1593
 1275 1590 1593
 1276 1593 1596
 1278 1277 1279
 1279 1277 1297
 1278 1279 1281
 1278 1281 1282
 1279 1280 1281
 1280 1279 1299
 1279 1297 1299
 1281 1280 1285
 1280 1284 1285
 1284 1280 1301
 1280 1299 1301
 1282 1281 1286
 1281 1285 1286
 1283 1282 1288
 1282 1286 1288
 1285 1284 1289
 1284 1287 1289
 1287 1284 1304
 1284 1301 1304
 1286 1285 1290
 1285 1289 1290
 1288 1286 1292
 1286 1290 1292
 1289 1287 1291
 1291 1287 1599
 1287 1304 1615
 1599 1287 1615
 1290 1289 1293
 1289 1291 1295
 1293 1289 1295
 1292 1290 1294
 1290 1293 1294
 1295 1291 1606
 1291 1599 1602
 1291 1602 1606
 1294 1293 1296
 1293 1295 1296
 1296 1295 1607
 1295 1606 1607
 1297 1298 1300
 1299 1297 1300
 1300 1298 1303
 1299 1300 1302
 1301 1299 1302
 1302 1300 1306
 1300 1303 1306
 1301 1302 1305
 1304 1301 1305
 1305 1302 1307
 1302 1306 1307
 1306 1303 1309
 1303 1308 1309
 1304 1305 1616
 1615 1304 1616
 1305 1307 1621
 1616 1305 1621
 1307 1306 1311
 1306 1309 1311
 1307 1311 1313
 1307 1313 1621
 1309 1308 1312
 1308 1310 1312
 1311 1309 1314
 1309 1312 1314
 1312 1310 1315
 1313 1311 1316
 1311 1314 1316
 1314 1312 1317
 1312 1315 1317
 1313 1316 1630
 1621 1313 1627
 1627 1313 1630
 1316 1314 1319
 1314 1317 1319
 1317 1315 1320
 1315 1318 1320
 1316 1319 1633
 1630 1316 1633
 1319 1317 1322
 1317 1320 1322
 1320 1318 1321
 1321 1318 1338
 1319 1322 1636
 1633 1319 1636
 1320 1321 1323
 1322 1320 1324
 1320 1323 1324
 1323 1321 1339
 1321 1338 1339
 1322 1324 1326
 1322 1326 1327
 1322 1327 1636
 1324 1323 1325
 1325 1323 1339
 1324 1325 1326
 1326 1325 1328
 1328 1325 1341
 1325 1339 1340
 1325 1340 1341
 1327 1326 1329
 1326 1328 1329
 1327 1329 1639
 1636 1327 1639
 1329 1328 1330
 1330 1328 1331
 1331 1328 1341
 1329 1330 1644
 1639 1329 1644
 1330 1331 1334
 1333 1330 1334
 1330 1333 1644
 1332 1331 1341
 1331 1332 1342
 1334 1331 1342
 1333 1334 1336
 1335 1333 1336
 1333 1335 1648
 1644 1333 1648
 1336 1334 1343
 1334 1342 1343
 1335 1336 1345
 1337 1335 1345
 1335 1337 1652
 1648 1335 1652
 1336 1343 1346
 1345 1336 1346
 1337 1345 1349
 1337 1349 1661
 1652 1337 1656
 1656 1337 1661
 1343 1342 1344
 1343 1344 1347
 1346 1343 1347
 1347 1344 1348
 1345 1346 1350
 1349 1345 1350
 1346 1347 1351
 1350 1346 1351
 1347 1348 1352
 1351 1347 1352
 1352 1348 1353
 1349 1350 1355
 1354 1349 1355
 1349 1354 1661
 1350 1351 1356
 1355 1350 1356
 1351 1352 1357
 1356 1351 1357
 1352 1353 1358
 1357 1352 1358
 1358 1353 1369
 1354 1355 1359
 1354 1359 1672
 1661 1354 1666
 1666 1354 1672
 1355 1356 1360
 1359 1355 1360
 1356 1357 1361
 1360 1356 1361
 1357 1358 1362
 1361 1357 1362
 1362 1358 1375
 1358 1369 1375
 1359 1360 1363
 1359 1363 1679
 1672 1359 1679
 1360 1361 1364
 1363 1360 1364
 1361 1362 1365
 1364 1361 1365
 1365 1362 1381
 1362 1375 1381
 1363 1364 1688
 1679 1363 1687
 1687 1363 1688
 1364 1365 1366
 1364 1366 1688
 1366 1365 1385
 1365 1381 1385
 1366 1385 1716
 1688 1366 1715
 1715 1366 1716
 1367 1368 1370
 1368 1367 1409
 1367 1406 1409
 1370 1368 1376
 1368 1374 1376
 1374 1368 1412
 1368 1409 1412
 1369 1372 1378
 1375 1369 1378
 1371 1370 1377
 1370 1376 1377
 1372 1371 1377
 1372 1377 1378
 1374 1373 1380
 1373 1374 1412
 1373 1379 1380
 1379 1373 1413
 1411 1373 1412
 1373 1411 1413
 1376 1374 1382
 1374 1380 1382
 1375 1378 1384
 1381 1375 1384
 1377 1376 1383
 1376 1382 1383
 1378 1377 1383
 1378 1383 1384
 1380 1379 1386
 1386 1379 1714
 1379 1413 1706
 1379 1706 1714
 1382 1380 1387
 1380 1386 1387
 1381 1384 1389
 1385 1381 1389
 1383 1382 1388
 1382 1387 1388
 1384 1383 1388
 1384 1388 1389
 1385 1389 1718
 1716 1385 1718
 1387 1386 1719
 1386 1714 1720
 1719 1386 1720
 1388 1387 1717
 1717 1387 1719
 1389 1388 1717
 1389 1717 1718
 1390 1391 1392
 1391 1390 1453
 1390 1452 1453
 1392 1391 1394
 1394 1391 1395
 1395 1391 1456
 1391 1453 1456
 1393 1392 1394
 1393 1394 1398
 1394 1395 1397
 1394 1397 1398
 1395 1396 1397
 1396 1395 1818
 1455 1395 1456
 1395 1455 1818
 1397 1396 1400
 1396 1399 1400
 1399 1396 1745
 1745 1396 1818
 1398 1397 1401
 1397 1400 1401
 1398 1401 1402
 1400 1399 1404
 1399 1403 1404
 1403 1399 1749
 1399 1745 1749
 1401 1400 1405
 1400 1404 1405
 1402 1401 1406
 1401 1405 1406
 1404 1403 1407
 1407 1403 1758
 1403 1749 1753
 1403 1753 1758
 1405 1404 1408
 1404 1407 1408
 1406 1405 1409
 1405 1408 1409
 1408 1407 1411
 1407 1410 1411
 1410 1407 1758
 1409 1408 1412
 1408 1411 1412
 1411 1410 1413
 1413 1410 1769
 1410 1758 1763
 1410 1763 1769
 1706 1413 1769
 1415 1414 1419
 1414 1415 1477
 1414 1418 1419
 1418 1414 1480
 1476 1414 1477
 1414 1476 1480
 1416 1415 1420
 1415 1416 1478
 1415 1419 1420
 1477 1415 1478
 1416 1420 1421
 1418 1417 1422
 1417 1418 1480
 1422 1417 1782
 1479 1417 1480
 1417 1479 1778
 1417 1778 1782
 1419 1418 1423
 1418 1422 1423
 1420 1419 1424
 1419 1423 1424
 1421 1420 1425
 1420 1424 1425
 1423 1422 1426
 1426 1422 1786
 1422 1782 1786
 1424 1423 1427
 1423 1426 1427
 1425 1424 1428
 1424 1427 1428
 1425 1428 1429
 1427 1426 1430
 1430 1426 1790
 1426 1786 1790
 1428 1427 1431
 1427 1430 1431
 1429 1428 1432
 1428 1431 1432
 1429 1432 1433
 1431 1430 1434
 1434 1430 1794
 1430 1790 1794
 1432 1431 1435
 1431 1434 1435
 1433 1432 1436
 1432 1435 1436
 1433 1436 1437
 1435 1434 1438
 1438 1434 1798
 1434 1794 1798
 1436 1435 1439
 1435 1438 1439
 1437 1436 1440
 1436 1439 1440
 1437 1440 1441
 1439 1438 1442
 1442 1438 1802
 1438 1798 1802
 1440 1439 1443
 1439 1442 1443
 1441 1440 1444
 1440 1443 1444
 1441 1444 1445
 1443 1442 1446
 1446 1442 1803
 1442 1802 1803
 1444 1443 1447
 1443 1446 1447
 1445 1444 1448
 1444 1447 1448
 1445 1448 1449
 1447 1446 1450
 1450 1446 1807
 1446 1803 1807
 1448 1447 1451
 1447 1450 1451
 1449 1448 1452
 1448 1451 1452
 1451 1450 1454
 1454 1450 1811
 1450 1807 1811
 1452 1451 1453
 1453 1451 1454
 1453 1454 1456
 1454 1455 1456
 1455 1454 1811
 1455 1811 1817
 1455 1817 1818
 1458 1457 1462
 1457 1458 1497
 1457 1461 1462
 1461 1457 1501
 1457 1497 1498
 1457 1498 1501
 1458 1462 1463
 1460 1459 1464
 1459 1460 1500
 1464 1459 1832
 1499 1459 1500
 1459 1499 1828
 1459 1828 1832
 1461 1460 1465
 1460 1461 1501
 1460 1464 1465
 1500 1460 1501
 1462 1461 1466
 1461 1465 1466
 1463 1462 1467
 1462 1466 1467
 1463 1467 1468
 1465 1464 1469
 1469 1464 1836
 1464 1832 1836
 1466 1465 1470
 1465 1469 1470
 1467 1466 1471
 1466 1470 1471
 1468 1467 1472
 1467 1471 1472
 1468 1472 1473
 1470 1469 1474
 1474 1469 1840
 1469 1836 1840
 1471 1470 1475
 1470 1474 1475
 1472 1471 1476
 1471 1475 1476
 1473 1472 1477
 1472 1476 1477
 1473 1477 1478
 1475 1474 1479
 1479 1474 1844
 1474 1840 1844
 1476 1475 1480
 1475 1479 1480
 1778 1479 1844
 1482 1481 1483
 1483 1481 1515
 1481 1511 1515
 1482 1483 1487
 1486 1482 1487
 1483 1484 1488
 1484 1483 1515
 1487 1483 1488
 1484 1485 1489
 1488 1484 1489
 1484 1515 1516
 1484 1516 1517
 1489 1485 1845
 1485 1517 1877
 1845 1485 1877
 1486 1487 1491
 1490 1486 1491
 1487 1488 1493
 1491 1487 1493
 1488 1489 1492
 1488 1492 1493
 1492 1489 1856
 1489 1845 1849
 1489 1849 1856
 1490 1491 1496
 1490 1496 1498
 1491 1493 1495
 1491 1495 1496
 1493 1492 1494
 1494 1492 1860
 1492 1856 1860
 1493 1494 1495
 1495 1494 1499
 1499 1494 1864
 1494 1860 1864
 1496 1495 1500
 1495 1499 1500
 1498 1496 1501
 1496 1500 1501
 1828 1499 1864
 1503 1502 1504
 1504 1502 1525
 1502 1522 1525
 1503 1504 1508
 1507 1503 1508
 1504 1505 1509
 1505 1504 1525
 1508 1504 1509
 1505 1506 1510
 1506 1505 1526
 1509 1505 1510
 1505 1525 1526
 1510 1506 1865
 1506 1526 1527
 1506 1527 1889
 1865 1506 1889
 1507 1508 1512
 1511 1507 1512
 1508 1509 1513
 1512 1508 1513
 1509 1510 1513
 1513 1510 1514
 1514 1510 1869
 1510 1865 1869
 1511 1512 1515
 1512 1513 1516
 1515 1512 1516
 1513 1514 1516
 1516 1514 1517
 1517 1514 1873
 1514 1869 1873
 1517 1873 1877
 1518 1519 1523
 1519 1518 1531
 1521 1518 1523
 1519 1520 1524
 1520 1519 1532
 1523 1519 1524
 1519 1531 1532
 1524 1520 1885
 1520 1532 1533
 1520 1533 1883
 1520 1883 1885
 1522 1521 1525
 1521 1523 1526
 1525 1521 1526
 1523 1524 1527
 1526 1523 1527
 1527 1524 1885
 1527 1885 1889
 1529 1528 1533
 1528 1529 1550
 1533 1528 1900
 1528 1550 1552
 1528 1552 1896
 1528 1896 1900
 1530 1529 1532
 1529 1530 1551
 1532 1529 1533
 1550 1529 1551
 1531 1530 1532
 1883 1533 1900
 1534 1535 1537
 1535 1534 1598
 1534 1596 1598
 1535 1536 1540
 1536 1535 1598
 1537 1535 1538
 1538 1535 1540
 1540 1536 1901
 1597 1536 1598
 1536 1597 1978
 1901 1536 1978
 1537 1538 1539
 1539 1538 1541
 1538 1540 1543
 1541 1538 1543
 1539 1541 1542
 1543 1540 1905
 1540 1901 1905
 1542 1541 1544
 1541 1543 1546
 1544 1541 1546
 1542 1544 1545
 1546 1543 1909
 1543 1905 1909
 1545 1544 1548
 1544 1546 1549
 1548 1544 1549
 1547 1545 1548
 1549 1546 1909
 1547 1548 1550
 1547 1550 1551
 1548 1549 1552
 1550 1548 1552
 1552 1549 1917
 1549 1909 1913
 1549 1913 1917
 1896 1552 1917
 1553 1554 1556
 1555 1553 1556
 1556 1554 1924
 1554 1921 1924
 1555 1556 1558
 1555 1558 1559
 1556 1557 1558
 1557 1556 1924
 1558 1557 1562
 1557 1561 1562
 1561 1557 1929
 1557 1924 1929
 1559 1558 1560
 1560 1558 1562
 1560 1562 1563
 1562 1561 1564
 1564 1561 1565
 1565 1561 1932
 1561 1929 1932
 1563 1562 1564
 1563 1564 1566
 1564 1565 1567
 1566 1564 1567
 1567 1565 1568
 1568 1565 1935
 1565 1932 1935
 1566 1567 1570
 1569 1566 1570
 1567 1568 1571
 1570 1567 1571
 1571 1568 1572
 1572 1568 1936
 1568 1935 1936
 1569 1570 1573
 1570 1571 1574
 1573 1570 1574
 1571 1572 1575
 1574 1571 1575
 1575 1572 1942
 1572 1936 1939
 1572 1939 1942
 1573 1574 1576
 1574 1575 1577
 1576 1574 1577
 1577 1575 1578
 1578 1575 1942
 1576 1577 1579
 1577 1578 1580
 1579 1577 1580
 1580 1578 1581
 1581 1578 1946
 1578 1942 1946
 1579 1580 1582
 1580 1581 1583
 1582 1580 1583
 1583 1581 1584
 1584 1581 1950
 1581 1946 1950
 1582 1583 1585
 1583 1584 1587
 1585 1583 1587
 1584 1586 1587
 1586 1584 1954
 1584 1950 1954
 1585 1587 1589
 1585 1589 1590
 1587 1586 1588
 1588 1586 1965
 1586 1954 1961
 1586 1961 1965
 1587 1588 1589
 1589 1588 1591
 1591 1588 1969
 1588 1965 1969
 1590 1589 1592
 1589 1591 1592
 1590 1592 1593
 1592 1591 1594
 1594 1591 1973
 1591 1969 1973
 1593 1592 1595
 1592 1594 1595
 1593 1595 1596
 1595 1594 1597
 1597 1594 1977
 1594 1973 1977
 1596 1595 1598
 1595 1597 1598
 1597 1977 1978
 1599 1600 1603
 1600 1599 1617
 1602 1599 1603
 1599 1615 1617
 1600 1601 1603
 1601 1600 1619
 1600 1617 1619
 1603 1601 1605
 1601 1604 1609
 1604 1601 1624
 1605 1601 1609
 1601 1619 1624
 1602 1603 1608
 1606 1602 1608
 1603 1605 1608
 1608 1605 1611
 1605 1609 1613
 1611 1605 1613
 1607 1606 1610
 1606 1608 1610
 1610 1608 1612
 1608 1611 1612
 1612 1611 1613
 1612 1613 1614
 1926 1921 1923
 1615 1616 1618
 1617 1615 1618
 1618 1616 1623
 1616 1621 1623
 1617 1618 1620
 1619 1617 1620
 1620 1618 1625
 1618 1623 1625
 1619 1620 1622
 1619 1622 1624
 1622 1620 1626
 1620 1625 1626
 1623 1621 1627
 1625 1623 1628
 1623 1627 1628
 1626 1625 1629
 1625 1628 1629
 1628 1627 1630
 1629 1628 1632
 1628 1630 1631
 1628 1631 1632
 1631 1630 1633
 1632 1631 1635
 1631 1633 1634
 1631 1634 1635
 1634 1633 1636
 1635 1634 1638
 1634 1636 1637
 1634 1637 1638
 1637 1636 1639
 1638 1637 1640
 1637 1639 1643
 1640 1637 1641
 1641 1637 1643
 1643 1639 1644
 1640 1641 1642
 1642 1641 1645
 1641 1643 1647
 1645 1641 1647
 1642 1645 1646
 1643 1644 1648
 1647 1643 1648
 1646 1645 1649
 1645 1647 1649
 1646 1649 1650
 1647 1648 1652
 1649 1647 1651
 1651 1647 1652
 1650 1649 1653
 1649 1651 1653
 1650 1653 1654
 1651 1652 1656
 1653 1651 1655
 1655 1651 1656
 1654 1653 1657
 1653 1655 1657
 1654 1657 1658
 1655 1656 1660
 1657 1655 1659
 1659 1655 1660
 1660 1656 1661
 1658 1657 1662
 1657 1659 1662
 1658 1662 1663
 1659 1660 1665
 1662 1659 1664
 1664 1659 1665
 1660 1661 1666
 1665 1660 1666
 1663 1662 1667
 1662 1664 1667
 1663 1667 1668
 1664 1665 1670
 1667 1664 1669
 1669 1664 1670
 1665 1666 1671
 1670 1665 1671
 1671 1666 1672
 1668 1667 1673
 1667 1669 1673
 1668 1673 1674
 1669 1670 1676
 1673 1669 1675
 1675 1669 1676
 1670 1671 1677
 1676 1670 1677
 1671 1672 1678
 1677 1671 1678
 1678 1672 1679
 1674 1673 1681
 1673 1675 1681
 1680 1674 1681
 1675 1676 1683
 1681 1675 1682
 1682 1675 1683
 1676 1677 1684
 1683 1676 1684
 1677 1678 1685
 1684 1677 1685
 1678 1679 1686
 1685 1678 1686
 1686 1679 1687
 1680 1681 1690
 1689 1680 1690
 1681 1682 1691
 1690 1681 1691
 1682 1683 1692
 1691 1682 1692
 1683 1684 1693
 1692 1683 1693
 1684 1685 1694
 1693 1684 1694
 1685 1686 1695
 1694 1685 1695
 1686 1687 1696
 1695 1686 1696
 1687 1688 1697
 1696 1687 1697
 1697 1688 1715
 1689 1690 1699
 1698 1689 1699
 1690 1691 1700
 1699 1690 1700
 1691 1692 1701
 1700 1691 1701
 1692 1693 1703
 1701 1692 1702
 1702 1692 1703
 1693 1694 1704
 1703 1693 1704
 1694 1695 1729
 1704 1694 1729
 1695 1696 1730
 1729 1695 1730
 1696 1697 1731
 1730 1696 1731
 1697 1715 1732
 1731 1697 1732
 1698 1699 1743
 1698 1743 1744
 1699 1700 1742
 1699 1742 1743
 1701 1702 1703
 1517 1485 1484
 1703 1704 1739
 1703 1739 1740
 1704 1729 1738
 1704 1738 1739
 1706 1705 1713
 1705 1706 1769
 1705 1712 1713
 1712 1705 1774
 1768 1705 1769
 1705 1768 1774
 1706 1713 1714
 1707 1708 1725
 1708 1707 1771
 1709 1707 1728
 1707 1709 1772
 1707 1725 1728
 1707 1770 1771
 1770 1707 1772
 1725 1708 1726
 1710 1709 1727
 1709 1710 1772
 1727 1709 1728
 1711 1710 1724
 1710 1711 1773
 1724 1710 1727
 1772 1710 1773
 1712 1711 1723
 1711 1712 1774
 1723 1711 1724
 1773 1711 1774
 1713 1712 1722
 1722 1712 1723
 1714 1713 1721
 1721 1713 1722
 1720 1714 1721
 1715 1716 1733
 1732 1715 1733
 1716 1718 1733
 1718 1717 1734
 1717 1719 1734
 1733 1718 1734
 1719 1720 1735
 1734 1719 1735
 1720 1721 1735
 1721 1722 1736
 1735 1721 1736
 1722 1723 1737
 1736 1722 1737
 1723 1724 1739
 1737 1723 1738
 1738 1723 1739
 1724 1727 1740
 1739 1724 1740
 1725 1726 1743
 1728 1725 1742
 1742 1725 1743
 1743 1726 1744
 1727 1728 1741
 1740 1727 1741
 1741 1728 1742
 1729 1730 1737
 1729 1737 1738
 1730 1731 1737
 1731 1732 1736
 1731 1736 1737
 1732 1733 1736
 1733 1734 1735
 1733 1735 1736
 1745 1748 1749
 1748 1745 1824
 1745 1818 1824
 1746 1747 1750
 1747 1746 1823
 1748 1746 1750
 1746 1748 1824
 1746 1822 1823
 1822 1746 1824
 1750 1747 1751
 1749 1748 1752
 1748 1750 1752
 1749 1752 1753
 1750 1751 1754
 1752 1750 1754
 1754 1751 1755
 1753 1752 1757
 1752 1754 1756
 1752 1756 1757
 1753 1757 1758
 1754 1755 1759
 1756 1754 1759
 1759 1755 1760
 1757 1756 1762
 1756 1759 1761
 1756 1761 1762
 1758 1757 1763
 1757 1762 1763
 1759 1760 1764
 1761 1759 1764
 1764 1760 1765
 1762 1761 1767
 1761 1764 1766
 1761 1766 1767
 1763 1762 1768
 1762 1767 1768
 1763 1768 1769
 1764 1765 1770
 1766 1764 1770
 1770 1765 1771
 1767 1766 1773
 1766 1770 1772
 1766 1772 1773
 1768 1767 1774
 1767 1773 1774
 1775 1776 1780
 1776 1775 1841
 1777 1775 1779
 1775 1777 1843
 1779 1775 1780
 1841 1775 1843
 1838 1776 1842
 1776 1841 1842
 1778 1777 1781
 1777 1778 1844
 1777 1779 1781
 1843 1777 1844
 1778 1781 1782
 1779 1780 1784
 1781 1779 1783
 1783 1779 1784
 1782 1781 1785
 1781 1783 1785
 1782 1785 1786
 1783 1784 1788
 1785 1783 1787
 1787 1783 1788
 1786 1785 1789
 1785 1787 1789
 1786 1789 1790
 1787 1788 1792
 1789 1787 1791
 1791 1787 1792
 1790 1789 1793
 1789 1791 1793
 1790 1793 1794
 1791 1792 1796
 1793 1791 1795
 1795 1791 1796
 1794 1793 1797
 1793 1795 1797
 1794 1797 1798
 1795 1796 1800
 1797 1795 1799
 1799 1795 1800
 1798 1797 1801
 1797 1799 1801
 1798 1801 1802
 1799 1800 1806
 1801 1799 1805
 1805 1799 1806
 1802 1801 1804
 1804 1801 1805
 1803 1802 1804
 1803 1804 1808
 1807 1803 1808
 1804 1805 1809
 1808 1804 1809
 1805 1806 1810
 1809 1805 1810
 1807 1808 1812
 1811 1807 1812
 1808 1809 1814
 1812 1808 1814
 1809 1810 1813
 1809 1813 1814
 1811 1812 1817
 1812 1814 1815
 1812 1815 1817
 1814 1813 1816
 1815 1814 1816
 1815 1816 1820
 1817 1815 1819
 1819 1815 1820
 1820 1816 1821
 1818 1817 1819
 1818 1819 1824
 1819 1820 1822
 1819 1822 1824
 1820 1821 1822
 1822 1821 1823
 1826 1825 1829
 1825 1826 1862
 1861 1825 1862
 1827 1826 1830
 1826 1827 1863
 1826 1829 1830
 1862 1826 1863
 1828 1827 1831
 1827 1828 1864
 1827 1830 1831
 1863 1827 1864
 1828 1831 1832
 1830 1829 1833
 1831 1830 1834
 1830 1833 1834
 1832 1831 1835
 1831 1834 1835
 1832 1835 1836
 1834 1833 1838
 1835 1834 1837
 1837 1834 1838
 1836 1835 1839
 1835 1837 1839
 1836 1839 1840
 1837 1838 1842
 1839 1837 1841
 1841 1837 1842
 1840 1839 1843
 1839 1841 1843
 1840 1843 1844
 1845 1846 1849
 1846 1845 1878
 1845 1877 1878
 1846 1848 1851
 1848 1846 1880
 1849 1846 1851
 1846 1878 1880
 1848 1847 1850
 1847 1848 1880
 1879 1847 1880
 1848 1850 1852
 1851 1848 1852
 1849 1851 1856
 1852 1850 1853
 1851 1852 1855
 1851 1855 1856
 1852 1853 1854
 1852 1854 1855
 1854 1853 1858
 1855 1854 1857
 1857 1854 1858
 1856 1855 1859
 1855 1857 1859
 1856 1859 1860
 1857 1858 1861
 1859 1857 1862
 1857 1861 1862
 1860 1859 1863
 1859 1862 1863
 1860 1863 1864
 1865 1866 1869
 1866 1865 1890
 1865 1889 1890
 1866 1868 1870
 1868 1866 1892
 1869 1866 1870
 1866 1890 1892
 1868 1867 1872
 1867 1868 1891
 1867 1871 1872
 1870 1868 1872
 1891 1868 1892
 1869 1870 1873
 1870 1872 1874
 1873 1870 1874
 1872 1871 1876
 1871 1875 1876
 1874 1872 1876
 1873 1874 1877
 1874 1876 1878
 1877 1874 1878
 1876 1875 1879
 1878 1876 1880
 1876 1879 1880
 1882 1881 1888
 1881 1882 1898
 1881 1887 1888
 1884 1882 1886
 1882 1884 1899
 1886 1882 1888
 1882 1897 1898
 1897 1882 1899
 1883 1884 1885
 1884 1883 1899
 1899 1883 1900
 1885 1884 1886
 1885 1886 1889
 1886 1888 1890
 1889 1886 1890
 1888 1887 1892
 1887 1891 1892
 1890 1888 1892
 1893 1894 1897
 1894 1893 1920
 1895 1893 1897
 1893 1895 1918
 1893 1918 1919
 1893 1919 1920
 1897 1894 1898
 1896 1895 1899
 1895 1896 1917
 1895 1897 1899
 1895 1917 1918
 1896 1899 1900
 1901 1902 1906
 1902 1901 1978
 1905 1901 1906
 1902 1903 1907
 1903 1902 1979
 1906 1902 1907
 1902 1978 1979
 1903 1904 1908
 1904 1903 1981
 1907 1903 1908
 1903 1979 1981
 1980 1904 1981
 1905 1906 1909
 1906 1907 1910
 1909 1906 1910
 1907 1908 1911
 1910 1907 1912
 1907 1911 1912
 1909 1910 1913
 1910 1912 1914
 1913 1910 1914
 1912 1911 1915
 1914 1912 1916
 1912 1915 1916
 1913 1914 1917
 1914 1916 1918
 1917 1914 1918
 1916 1915 1920
 1918 1916 1919
 1919 1916 1920
 1924 1921 1926
 1923 1922 1925
 1923 1925 1926
 1924 1926 1929
 1926 1925 1928
 1925 1927 1928
 1926 1928 1929
 1928 1927 1930
 1930 1927 1931
 939 936 938
 1929 1928 1932
 1928 1930 1932
 1930 1931 1933
 1932 1930 1935
 1930 1933 1935
 1933 1931 1934
 1933 1934 1938
 1935 1933 1936
 1936 1933 1938
 1934 1937 1938
 1936 1938 1939
 1938 1937 1940
 1940 1937 1941
 1939 1938 1940
 1939 1940 1943
 1942 1939 1943
 1940 1941 1944
 1943 1940 1944
 1944 1941 1945
 1942 1943 1946
 1943 1944 1947
 1946 1943 1947
 1944 1945 1949
 1947 1944 1949
 1945 1948 1949
 1946 1947 1950
 1947 1949 1951
 1950 1947 1951
 1949 1948 1953
 1948 1952 1953
 1951 1949 1953
 1950 1951 1954
 1951 1953 1955
 1954 1951 1955
 1953 1952 1956
 1955 1953 1957
 1953 1956 1957
 1954 1955 1961
 1955 1957 1960
 1955 1960 1961
 1957 1956 1958
 1957 1958 1959
 1957 1959 1960
 1959 1958 1963
 1960 1959 1962
 1962 1959 1963
 1961 1960 1964
 1960 1962 1964
 1961 1964 1965
 1962 1963 1967
 1964 1962 1966
 1966 1962 1967
 1965 1964 1968
 1964 1966 1968
 1965 1968 1969
 1966 1967 1970
 1968 1966 1971
 1966 1970 1971
 1969 1968 1972
 1968 1971 1972
 1969 1972 1973
 1971 1970 1975
 1972 1971 1974
 1974 1971 1975
 1973 1972 1976
 1972 1974 1976
 1973 1976 1977
 1974 1975 1980
 1976 1974 1981
 1974 1980 1981
 1977 1976 1979
 1979 1976 1981
 1978 1977 1979
 1741 1700 1701
 1741 1701 1703
 1703 1740 1741

