-4.456189927 0.945977867 1.804661006
 -4.455245566 0.779462396 1.805412350
 -4.341079853 0.946699991 1.823459985
 -4.341043532 0.779462396 1.823677914
 -4.076269921 0.951600028 1.863759942
 -4.076159094 0.779462396 1.863278449
 -3.810920054 0.954860006 1.900490024
 -3.810790367 0.779462396 1.899493276
 -3.545119893 0.956589996 1.933880034
 -3.545013256 0.779462396 1.932579326
 -3.278919961 0.956869975 1.964040101
 -3.278875956 0.779462396 1.962633338
 -3.012409899 0.955879979 1.991250087
 -3.012143075 0.779462396 1.989944605
 -2.745639998 0.953799987 2.015769947
 -2.745457459 0.779462396 2.014669357
 -2.478660084 0.950769987 2.037710045
 -2.478554845 0.779462396 2.036932157
 -2.211499959 0.946939981 2.057309961
 -2.211471787 0.779462396 2.056914382
 -1.944244024 0.779462396 2.074856544
 -1.944210031 0.942510029 2.074830001
 1.343099982 0.896190002 2.079309896
 -4.457704723 1.213123789 1.803455409
 -4.342659842 1.213839976 1.822859980
 -4.091309849 1.224040054 1.861889963
 -3.824830055 1.233930001 1.899520052
 -3.555869916 1.241069986 1.933819964
 -3.285940038 1.245170017 1.964679919
 -3.015449969 1.246539992 1.992339967
 -2.744579921 1.245460007 2.017070074
 -2.473500092 1.242180006 2.038999926
 -2.202450065 1.236999989 2.058350015
 -1.932919957 1.230460010 2.075349912
 -4.459219985 1.480269828 1.802249812
 -4.344250076 1.480989973 1.822269987
 -4.103370011 1.498649945 1.860529999
 -3.836590098 1.516780001 1.898920047
 -3.565370105 1.530469977 1.934019965
 -3.292560112 1.539129997 1.965459902
 -3.018870018 1.543140039 1.993489917
 -2.744650003 1.542910002 2.018359955
 -2.470209962 1.538740005 2.040199935
 -2.196040004 1.531079994 2.059259918
 -1.924879965 1.520729973 2.075690078
 1.020450029 1.491770032 2.075379947
 1.246170024 1.658000052 2.055040095
 1.265230007 1.472400036 2.077949932
 1.520619961 1.624820055 2.077199984
 -4.467663821 1.740679843 1.795264427
 -4.352860153 1.747849979 1.818740042
 -4.119299818 1.773420023 1.856629970
 -3.852410009 1.799899968 1.895630034
 -3.579460084 1.820200006 1.931290026
 -3.304349957 1.833420014 1.963069895
 -3.028099891 1.840080018 1.991180005
 -2.751210006 1.840670011 2.015870064
 -2.474119887 1.835569972 2.037300030
 -2.197539899 1.825349987 2.055689925
 -1.925210003 1.811090042 2.071169904
 -0.168200000 1.880450058 2.078650054
 0.082111997 1.837700023 2.072900068
 0.331669988 1.793339965 2.065659966
 0.552979996 1.961190021 2.044779947
 0.580539985 1.747849979 2.056699945
 0.797379995 1.904209959 2.033449942
 0.829009979 1.702000038 2.045260044
 0.971429981 1.882569981 2.035609912
 1.002850011 1.687909942 2.045050031
 1.217570039 1.841039979 2.048729919
 1.496650046 1.797850011 2.071959898
 -4.481176380 2.281145193 1.782665844
 -4.477920476 2.011640463 1.785978791
 -4.367399961 2.281809924 1.809690031
 -4.363710061 2.014710102 1.813139999
 -4.134430084 2.048690105 1.851659967
 -3.867259948 2.083640080 1.891889959
 -3.592790104 2.110539936 1.928649959
 -3.315649927 2.128320048 1.961270114
 -3.037119983 2.137609990 1.989990007
 -2.757830080 2.138999989 2.015040023
 -2.478349954 2.132959897 2.036570106
 -2.199549926 2.120160032 2.054840093
 -1.925840043 2.101900056 2.069940092
 -0.432269997 2.174000023 2.077650046
 -0.184470002 2.124200109 2.071249997
 0.062279003 2.071839990 2.063590102
 0.272909994 2.237980021 2.073470037
 0.308070012 2.017329913 2.054760000
 0.512210012 2.170840045 2.065079985
 0.750819978 2.102399943 2.056440106
 0.929720001 2.070839982 2.057220088
 1.180939958 2.017480088 2.068720059
 -4.480679519 2.549591940 1.785682864
 -4.368020222 2.548950026 1.808690024
 -4.140529782 2.324979985 1.849620021
 -3.873769892 2.368459944 1.891560038
 -3.598870011 2.401930047 1.929849968
 -3.320809919 2.424180042 1.963760005
 -3.041079966 2.436019946 1.993519953
 -2.760449890 2.438150113 2.019369975
 -2.479610033 2.431079978 2.041480038
 -2.199559938 2.415620023 2.060079947
 -1.924969954 2.393210074 2.075300086
 -4.483394325 2.814423060 1.793746953
 -4.372320138 2.816050081 1.811000053
 -4.143619910 2.880909946 1.856800052
 -4.141530022 2.602349967 1.850959961
 -3.875629976 2.654450014 1.895210007
 -3.601169912 2.694400027 1.935560023
 -3.323110053 2.721030032 1.971249934
 -3.043089993 2.735310001 2.002560068
 -2.762059914 2.738079987 2.029719995
 -2.480769996 2.729899948 2.052889904
 -2.200319897 2.711649984 2.072340110
 -4.489861429 3.081362695 1.806458808
 -4.381219856 3.082860028 1.820589998
 -4.147449974 3.160639899 1.870700042
 -3.878549905 2.941669896 1.904050005
 -3.604920115 2.988009946 1.947039971
 -3.327330109 3.018870018 1.985100098
 -3.047540085 3.035469912 2.018529922
 -2.766600111 3.038740018 2.047569957
 -2.485390054 3.029289888 2.072389936
 -4.492456559 3.352094674 1.823997358
 -4.387639929 3.349160077 1.840539975
 -4.146280233 3.441550070 1.895130030
 -3.883129917 3.230120055 1.920929994
 -3.610650077 3.282740014 1.966489945
 -3.333899891 3.317700000 2.006809926
 -3.054729896 3.336479887 2.042260021
 -2.774310065 3.340129973 2.073110081
 -4.483728204 3.621226642 1.846608357
 -4.477872048 3.769041272 1.863414655
 -4.382169805 3.614760004 1.868420048
 -4.375460092 3.762280103 1.888839994
 -4.131690133 3.718189895 1.928300015
 -3.883369965 3.519679885 1.947500044
 -3.613010049 3.578420030 1.994709950
 -3.338099923 3.617319977 2.036370104
 -3.060579998 3.638179973 2.072920091
 -4.474340472 3.914742265 1.883781049
 -4.474290181 4.060780630 1.908595208
 -4.370099865 3.909110092 1.914090011
 -4.368380178 4.055120051 1.944039948
 -4.121480044 3.841379890 1.952770050
 -4.109649919 3.975099884 1.984959934
 -3.872209927 3.800289938 1.982629998
 -3.866639920 3.906259779 2.008330077
 -3.857549978 4.027280025 2.043710090
 -3.605979960 3.861709964 2.031419892
 -3.602720099 3.957069945 2.058740007
 -3.334810026 3.902370110 2.074490068
 -4.481296521 4.351942800 1.985530835
 -4.476983100 4.207397811 1.941160299
 -4.374220036 4.341099877 2.027049894
 -4.370119888 4.199760035 1.980039990
 -4.101740196 4.109399859 2.023000037
 -4.098409787 4.241649993 2.067750087
 -4.486401100 4.495405126 2.049490577
 -1.676897751 0.779462396 2.090945141
 -1.676809974 0.937599980 2.090489957
 -1.426491188 0.779462396 2.104103332
 -1.426370000 0.932689989 2.103579929
 -1.175869606 0.779462396 2.116477583
 -1.175850048 0.927579997 2.115269890
 -0.925282657 0.779462396 2.127069514
 -0.925279979 0.922330015 2.125520026
 -0.674650015 0.916999998 2.134280046
 -0.674636161 0.779462396 2.136138733
 -0.423969992 0.911669980 2.141420031
 -0.423935620 0.779462396 2.143559046
 -0.173239998 0.906419999 2.146729967
 -0.173187116 0.779462396 2.149118111
 0.077523000 0.901360007 2.149859909
 0.077600176 0.779462396 2.152464585
 0.328319991 0.896640006 2.150190063
 0.328408205 0.779462396 2.152984263
 0.579089974 0.892589975 2.146509942
 0.579189335 0.779462396 2.149469452
 0.829669996 0.889919989 2.135819988
 0.830045785 0.779462396 2.138880081
 1.086540055 0.891219999 2.108339919
 1.087102923 0.779462396 2.111517591
 1.343311043 0.779462396 2.082671504
 1.601072843 0.779462396 2.087342087
 1.601279946 0.896959973 2.084299922
 1.858114498 0.779462396 2.112333896
 1.858380041 0.893729972 2.109800000
 2.114276867 0.779462396 2.145253588
 2.114549978 0.888679991 2.143230056
 2.369854134 0.779462396 2.182471333
 2.370120026 0.882630004 2.180909971
 2.378740115 1.070050057 2.202440053
 2.624987857 0.779462396 2.222625539
 2.625240013 0.876070000 2.221470000
 2.648520051 1.055030036 2.240240108
 2.879728330 0.779462396 2.265205607
 2.879959997 0.869199983 2.264420036
 2.913550008 1.038220013 2.279310022
 3.134087427 0.779462396 2.310009673
 3.134289989 0.862139976 2.309540054
 3.167399904 1.020340016 2.318930114
 3.387959907 1.003950019 2.356280107
 3.388054203 0.779462396 2.356986050
 3.388240002 0.854960002 2.356790006
 -1.677740016 1.224130043 2.089590067
 -1.425900031 1.213390031 2.101930091
 -1.174330013 1.201740000 2.112729941
 -0.922949985 1.189319999 2.122020116
 -0.671760004 1.176289981 2.129779896
 -0.420739991 1.162800007 2.135939896
 -0.169909996 1.149000018 2.140369965
 0.080753998 1.135049970 2.142800018
 0.084070001 1.371319988 2.135310089
 0.331249990 1.121129957 2.142759971
 0.334259996 1.347569982 2.134979935
 0.581560016 1.107609947 2.139280085
 0.584080000 1.323709963 2.131839981
 0.831649988 1.095199957 2.129920060
 0.833629980 1.300479984 2.124009887
 1.026920043 1.297140028 2.115230076
 1.047399943 1.100389985 2.113390015
 1.275149989 1.287529944 2.110909903
 1.299589989 1.103420043 2.098599914
 1.544840052 1.273259986 2.124350052
 1.565029961 1.100759953 2.107989974
 1.823010040 1.256639953 2.150659915
 1.835230039 1.093390048 2.133769915
 2.104189945 1.239169971 2.182709984
 2.107050037 1.082950039 2.166480059
 2.385379979 1.221250044 2.217170084
 2.663699910 1.203019987 2.252760110
 2.676889999 1.357130008 2.233899897
 2.934319898 1.184709952 2.288870048
 2.949550049 1.336039975 2.273390070
 3.186089918 1.167100039 2.324450063
 3.197679995 1.316679991 2.312290017
 3.386609955 1.301620039 2.346260007
 3.387690056 1.152949990 2.355779987
 -1.678670058 1.510650036 2.088699955
 -1.425439958 1.495260047 2.100150101
 -1.172789955 1.477940008 2.109949943
 -0.920580002 1.458980027 2.118170029
 -0.668800029 1.438610023 2.124849940
 -0.417439995 1.417070045 2.129999921
 -0.414799986 1.668690005 2.103690058
 -0.166490005 1.394569990 2.133540111
 -0.162750002 1.636949950 2.103130100
 0.088690002 1.603859942 2.100950107
 0.339580001 1.569709973 2.096950077
 0.589950010 1.534939976 2.090679947
 0.840010005 1.500290004 2.080800012
 1.537209959 1.448930008 2.095350064
 1.808229950 1.593169989 2.108110115
 1.820269972 1.424920047 2.123930026
 2.100579906 1.563929953 2.143430058
 2.107189968 1.401619986 2.158189891
 2.392950002 1.536690048 2.180849900
 2.393980045 1.379049965 2.195250010
 2.680680016 1.663240022 2.204369986
 2.680960111 1.511109993 2.219429938
 2.957249992 1.487269998 2.258569933
 2.962060040 1.636889996 2.240329981
 3.205520101 1.466069953 2.296870109
 3.213879885 1.614019973 2.275780076
 3.389670048 1.449689968 2.330160001
 3.398840083 1.596580027 2.307089977
 3.653160064 1.429360011 2.376060002
 3.662149888 1.572030014 2.350080060
 -1.685110037 1.797009958 2.082679886
 -1.429519965 1.776480000 2.090279944
 -1.174820005 1.753019984 2.096079988
 -0.920809980 1.727020019 2.100189915
 -0.671320013 1.959759975 2.085800050
 -0.667469983 1.698800013 2.102710074
 -0.419329997 1.921240008 2.082949970
 1.465120004 1.965210075 2.089020098
 1.763819950 1.919829985 2.114200033
 1.789949951 1.758679980 2.101759892
 2.067880007 1.880510012 2.141519915
 2.088400070 1.723779947 2.134660026
 2.372079995 1.845589955 2.170060063
 2.386870096 1.692180056 2.169040032
 2.650150098 1.957230037 2.240360016
 2.671719994 1.814109972 2.199809998
 2.940020058 1.929990016 2.260470064
 2.959189937 1.785879955 2.230739919
 3.203819972 1.907230006 2.281540073
 3.217620077 1.761729945 2.262040041
 3.402390052 1.892199973 2.302740002
 3.408350050 1.744200010 2.291060053
 3.665720113 1.859309967 2.336239908
 3.671200015 1.715469989 2.330499934
 3.930469975 1.826329972 2.372449962
 3.935810179 1.686529955 2.372570103
 -1.688719960 2.083499916 2.080719918
 -1.432789955 2.057980048 2.084739972
 -1.178030041 2.028540010 2.086810069
 -0.931180024 2.264410025 2.086210065
 -0.924220018 1.995659899 2.087119967
 -0.681150006 2.220869996 2.082679886
 0.902979984 2.237460110 2.144180005
 1.157080056 2.172260080 2.152740024
 1.441990025 2.112909919 2.168090083
 1.448640018 2.236390021 2.299269894
 1.740699983 2.185859950 2.311999910
 1.740850043 2.064150060 2.185669960
 2.009320073 2.272849903 2.338760067
 2.036669990 2.146040089 2.320149913
 2.045019995 2.023460111 2.203480108
 2.291969955 2.238790039 2.345599933
 2.332319971 2.113190014 2.324860077
 2.349539893 1.988260075 2.221490024
 2.571909921 2.211839892 2.352739917
 2.624219982 2.085570013 2.327780006
 2.846030053 2.191039966 2.361539984
 2.907210030 2.062510001 2.330220072
 3.107429948 2.175909933 2.372560091
 3.169310046 2.044290071 2.332919976
 3.374449909 2.034039935 2.337509999
 3.640400013 1.997580053 2.363000065
 -1.688600052 2.369970083 2.086040098
 -1.434779959 2.339520026 2.088099951
 -1.188730006 2.578649903 2.102959901
 -1.182380016 2.304130001 2.088079927
 -0.941700011 2.531690057 2.101609949
 -0.696100004 2.480129944 2.098560100
 -0.451900007 2.424519975 2.094009891
 -0.209039994 2.365330001 2.088190056
 0.011502000 2.521600109 2.147089923
 0.032532000 2.303000074 2.081260085
 0.247919990 2.444310114 2.145990031
 0.482580013 2.544929972 2.252449980
 0.483050011 2.364380052 2.144919941
 0.716030016 2.448430052 2.263509901
 0.717320014 2.282700036 2.144790022
 0.912980002 2.382539911 2.269770019
 0.923899992 2.553489991 2.287250012
 1.168080023 2.302679932 2.283219947
 1.175599988 2.451380016 2.300410066
 1.446329989 2.372770105 2.317189937
 1.448379946 2.564399969 2.378450008
 1.726320013 2.315959893 2.330040094
 -1.925250050 2.684920095 2.088200068
 -1.687359996 2.656159922 2.099560108
 -1.437210012 2.620369894 2.102369908
 -1.193500008 2.849159995 2.138569951
 -0.949219975 2.793279942 2.143149963
 -0.706619991 2.732000081 2.146010054
 -0.465680001 2.665939974 2.147420077
 -0.226329998 2.595640020 2.147689927
 -0.225170006 2.817359986 2.227530116
 0.012276000 2.730190055 2.235600026
 0.246490003 2.863579895 2.265000017
 0.248139986 2.639160026 2.243649913
 0.479820010 2.759129973 2.273079939
 0.709689979 2.857289976 2.289880067
 0.711950008 2.652019961 2.284449991
 0.948579982 2.738619922 2.310380107
 1.184770023 2.819879912 2.362960018
 1.193049946 2.635699930 2.343989909
 -2.205010038 3.008119995 2.093269955
 -1.929500024 2.976820106 2.110379981
 -1.687359996 2.941709943 2.123079961
 -1.439569984 3.175470047 2.171139931
 -1.439490006 2.898910083 2.131989924
 -1.192869968 3.116420005 2.185780089
 -0.948120025 3.050320083 2.198389964
 -0.705279992 2.978000091 2.209319966
 -0.464329991 2.900139894 2.218900016
 -0.463820004 3.152280115 2.244509989
 -0.225159994 3.060800023 2.251560101
 0.011561000 2.964369953 2.258169930
 0.246799988 3.085690085 2.275659936
 0.478979986 2.972840099 2.280560089
 0.485819997 3.113520099 2.293949947
 0.709970016 3.010770073 2.301190048
 0.710549997 3.163730027 2.318029990
 0.936780008 3.064840101 2.343090018
 0.940110011 2.913129982 2.325850073
 -2.493609907 3.329290077 2.099500038
 -2.213699976 3.305050079 2.121730009
 -1.937750028 3.268969944 2.140030032
 -1.688349992 3.226550063 2.154049929
 -1.439490006 3.455379978 2.202890115
 -1.192310010 3.390599973 2.216130029
 -0.947320019 3.317910014 2.227209974
 -0.704510021 3.238199977 2.236539964
 -0.461490010 3.398850095 2.267359989
 -0.223249997 3.299359931 2.270089928
 -0.218929999 3.419330111 2.289250027
 0.012797000 3.194770077 2.272590064
 0.018336001 3.320490010 2.289939905
 0.019507999 3.456769977 2.316680038
 0.253320002 3.218250116 2.291110111
 0.256119994 3.359779948 2.314870013
 0.489979982 3.259989899 2.314360114
 0.492190011 3.406350035 2.342829946
 0.709399988 3.465269925 2.377920086
 0.710579974 3.315730020 2.341999905
 0.934219977 3.219529986 2.365489956
 -2.781700110 3.642169992 2.104629995
 -2.502520103 3.629930085 2.131639980
 -2.224060008 3.602660028 2.154259942
 -1.948360004 3.561819904 2.172759967
 -1.688929973 3.511169925 2.187059959
 -1.438220032 3.731660079 2.243849915
 -1.192940050 3.767499933 2.278500004
 -1.190360053 3.659910057 2.252530074
 -0.945499982 3.688910045 2.283350099
 -0.944970001 3.579899902 2.259050030
 -0.703689991 3.724779934 2.320270054
 -0.702030025 3.492600052 2.263850067
 -0.700740027 3.604189958 2.286470030
 -0.463119999 3.763650078 2.362750005
 -0.460329989 3.639729926 2.319989959
 -0.458589988 3.514110111 2.288270043
 -0.221030001 3.680089954 2.358380007
 -0.219289999 3.550230060 2.318619983
 0.019032999 3.592479974 2.353090094
 0.257070002 3.501059953 2.347549889
 -3.595859976 4.068139941 2.096890006
 -3.333109897 3.991540056 2.103179926
 -3.060729941 3.924429882 2.112359973
 -3.060109913 4.010629840 2.142040059
 -2.785440069 4.014910199 2.175580012
 -2.785149962 3.929169849 2.145309933
 -2.510529943 4.004800227 2.203919925
 -2.509260084 3.917240072 2.173460089
 -2.240709960 4.079780076 2.270190045
 -2.236770000 3.981600050 2.227429999
 -2.234030049 3.889919957 2.197159920
 -1.972910017 4.048619885 2.288300078
 -1.966319978 3.947270103 2.246600110
 -1.960240072 3.848549910 2.216770081
 -1.688519958 3.793959972 2.232529921
 -1.688180026 3.900999902 2.261909889
 -1.687849988 4.004559945 2.301719971
 -1.451899996 4.049010109 2.362329978
 -1.447719987 3.947009798 2.310140058
 -1.442729961 3.839090001 2.271489939
 -1.202160027 3.986210097 2.365919994
 -1.197710051 3.879199969 2.315759892
 -0.953649986 3.917209804 2.366930014
 -0.949479989 3.804819891 2.318999963
 -0.707299972 3.842829959 2.365740016
 -4.098990001 4.369630013 2.122709993
 -3.850830020 4.150390159 2.086469904
 -3.847500077 4.271420185 2.137090079
 -3.847130109 4.387780093 2.198030008
 -3.590390086 4.181989934 2.143650083
 -3.587459913 4.293560050 2.199179959
 -3.328559920 4.095400218 2.143470105
 -3.324789926 4.202039912 2.193389926
 -3.322779899 4.306009971 2.252870006
 -3.057820024 4.109830130 2.183849923
 -3.055890091 4.211230204 2.236169996
 -3.055080073 4.309359938 2.298709936
 -2.785739955 4.303679802 2.337190090
 -2.785319928 4.111770075 2.218320034
 -2.785260091 4.209769890 2.272329992
 -2.515990054 4.288889933 2.368499991
 -2.514259890 4.197710194 2.302040113
 -2.512509935 4.101419821 2.247009892
 -2.244039904 4.175750073 2.325549955
 -1.978169894 4.145440180 2.343330067
 -1.687819953 4.101390019 2.355759963
 -4.490925465 4.623286426 2.136486582
 -4.382819869 4.600860178 2.170100110
 -4.379009828 4.477059934 2.087739995
 -4.106610082 4.600610118 2.275740029
 -4.102179781 4.491060041 2.190310042
 -3.850969952 4.595200066 2.359820064
 -3.848670051 4.497100133 2.271220088
 -3.587659914 4.499009810 2.342669992
 -3.586830106 4.399979953 2.265099902
 -3.322449978 4.404319916 2.322850050
 -3.055359935 4.401220009 2.371920040
 -4.493860528 4.730910994 2.255399711
 -4.384600092 4.705360159 2.275740029
 3.652229905 0.997139956 2.411290072
 3.658112604 0.779462396 2.409467008
 3.658170113 0.847260002 2.409500070
 3.917139955 0.989470049 2.467819955
 3.927839920 0.839520013 2.463469980
 3.927865997 0.779462396 2.462904202
 4.181629978 0.980879995 2.527199918
 4.196930211 0.831789977 2.520289971
 4.197030328 0.779462396 2.519227099
 4.445509985 0.971220026 2.590460004
 4.465150181 0.824060000 2.581049921
 4.465591628 0.779462396 2.579725115
 4.709300119 0.960749981 2.655559918
 4.733019974 0.816770014 2.643390093
 4.733622074 0.779462396 2.641198691
 3.649180057 1.286259969 2.396760043
 3.649719991 1.142089954 2.410949906
 3.912989981 1.130510005 2.467819955
 3.913450055 1.270300010 2.449210035
 4.175830167 1.118210028 2.527520061
 4.177269991 1.253749942 2.504670061
 4.438039847 1.105039963 2.591049997
 4.440439865 1.236469951 2.564120106
 4.447869956 1.365500037 2.530480037
 4.700050224 1.091200043 2.656710101
 4.703300074 1.218589954 2.626260044
 4.711760208 1.343189972 2.588859992
 4.974429961 1.319939969 2.653730102
 3.918599803 1.408549957 2.424099948
 3.927439917 1.547120046 2.395459916
 4.183569923 1.387309982 2.475240035
 4.192229826 1.521960017 2.444060054
 4.199820105 1.657480025 2.418070100
 4.456319846 1.496340032 2.496890025
 4.463050049 1.628100057 2.467950108
 4.719890188 1.470290008 2.553279977
 4.725609906 1.598360017 2.521889983
 4.982229788 1.443360001 2.616399899
 4.986859858 1.567780040 2.582829911
 5.240609869 1.656680019 2.626719885
 5.245849956 1.535960007 2.653999953
 3.907309845 1.961190021 2.391240094
 4.173600115 1.924940036 2.423000056
 4.194580019 1.793329953 2.412139904
 4.439109936 1.888590050 2.459210111
 4.457879812 1.760130050 2.456259914
 4.679710139 1.972879982 2.505339915
 4.703820217 1.851969981 2.500250004
 4.720429890 1.726599992 2.504830016
 4.947099835 1.933639986 2.545780037
 4.967189860 1.814619987 2.548679942
 4.981639795 1.692280057 2.560599940
 5.212340038 1.893209992 2.596890088
 5.228360184 1.775959972 2.607590053
 5.458159838 1.977619948 2.659830032
 5.473659839 1.850569970 2.663729945
 3.330539912 2.167769941 2.386220032
 3.572009970 2.262250055 2.458629897
 3.600749886 2.128199907 2.402700018
 3.843839979 2.225510078 2.469629981
 3.871399909 2.089020098 2.422050107
 4.115419928 2.188069979 2.483919961
 4.141550045 2.050210023 2.445010003
 4.375370219 2.250380116 2.552499995
 4.386609886 2.149679931 2.502539894
 4.411030095 2.011569915 2.472549910
 4.645870067 2.208380029 2.573000034
 4.657180049 2.110050060 2.526609926
 4.910150077 2.259840025 2.642930020
 4.915439989 2.164460020 2.600299893
 4.926689900 2.068690024 2.558429958
 5.177929997 2.210230101 2.676469972
 5.183259957 2.117869910 2.637109952
 5.194299854 2.024919959 2.601030050
 1.710240031 2.515449887 2.402750077
 1.974389888 2.475650050 2.417660085
 2.239269903 2.438949887 2.426649909
 2.503189957 2.560340101 2.478719922
 2.504399978 2.403429942 2.432760084
 2.769609913 2.368400106 2.437999938
 2.771049971 2.510099905 2.489109989
 3.034830093 2.333499957 2.443529898
 3.038140014 2.457570052 2.498870017
 3.044989891 2.567040036 2.540250076
 3.293340094 2.519289963 2.554100007
 3.294199938 2.405999927 2.508179983
 3.300020006 2.298489911 2.450070111
 3.557400079 2.479670104 2.561809961
 3.561639925 2.368970076 2.515410073
 3.825309919 2.549429890 2.605749993
 3.828459885 2.437910065 2.571309917
 3.833020106 2.330400050 2.524669981
 4.096109886 2.503369935 2.618730068
 4.099570215 2.395350020 2.583239926
 4.104350228 2.290949924 2.536729909
 4.363050219 2.562120091 2.664620057
 4.366640002 2.456329996 2.634489909
 4.370400216 2.351729898 2.598399995
 4.636690021 2.407950116 2.653789939
 4.640719853 2.306740033 2.617700025
 1.439959975 2.884160029 2.418830059
 1.440300024 2.750709886 2.401219914
 1.702870009 2.699180041 2.430720022
 1.703619957 2.822869923 2.450450091
 1.968530007 2.653579926 2.451630076
 1.970629906 2.770009916 2.474710112
 2.235539956 2.607990056 2.466779901
 2.239129972 2.719789976 2.493970096
 2.240489936 2.847990021 2.515459899
 2.508240053 2.669699956 2.510450082
 2.510889899 2.794220112 2.534209983
 2.777429996 2.618770115 2.525629941
 2.781379968 2.740209922 2.551899990
 2.783529926 2.860970097 2.574960003
 3.049660008 2.685959917 2.569179982
 3.052349901 2.805650001 2.593149897
 3.293169895 2.757339971 2.610479947
 3.293179907 2.637509955 2.585550072
 3.293510061 2.876660088 2.637649886
 3.551850095 2.826980082 2.650490031
 3.552759998 2.711189911 2.621540101
 3.554669907 2.594749909 2.594870050
 3.821070073 2.774480032 2.664450090
 3.822789993 2.662240062 2.633949975
 4.093039781 2.612639917 2.648120048
 1.181749976 3.115349915 2.400289988
 1.183270011 2.963799983 2.380080055
 1.437810017 3.169870004 2.462199889
 1.438839943 3.029329935 2.437439980
 1.702080015 3.095289925 2.491720021
 1.702970010 2.961270045 2.468979917
 1.969679957 3.157570027 2.549629891
 1.970449928 3.031569999 2.516279928
 1.970839920 2.902719891 2.494360087
 2.240440110 3.096220084 2.568789991
 2.240859903 2.973129973 2.537339926
 2.511660103 3.153079888 2.633070108
 2.512139967 2.916760044 2.556540072
 2.512210049 3.037940012 2.586550079
 2.783589996 3.096089931 2.647609916
 2.784119919 2.980980091 2.603830071
 3.052999964 3.040610114 2.662299899
 3.053349908 2.925059991 2.621080028
 3.294389928 2.992500085 2.676599892
 0.932279974 3.370149992 2.397940028
 1.180410036 3.403489944 2.473700093
 1.180639956 3.262330079 2.428580076
 1.437220024 3.305590013 2.502080053
 1.438059960 3.430390032 2.564280061
 1.701220055 3.225550056 2.527750097
 1.701290021 3.346109996 2.584790112
 1.703000045 3.451230004 2.664860105
 1.969340025 3.275129944 2.602559980
 2.239939990 3.212080104 2.618300030
 0.016971000 3.724379931 2.402189886
 0.253500009 3.770630108 2.456259914
 0.256050000 3.639250062 2.392739989
 0.490379985 3.687989898 2.443599980
 0.492140010 3.550329944 2.383599989
 0.706500025 3.738519968 2.515410073
 0.707659987 3.608280094 2.433910035
 0.931499992 3.514139913 2.448899904
 0.932979980 3.645240096 2.524439944
 0.937370001 3.758979961 2.622559899
 1.182119944 3.532609902 2.542329952
 1.186450012 3.644650104 2.633820055
 1.441020053 3.538809950 2.649510046
 -1.206269953 4.085720051 2.429109998
 -0.957869983 4.022830166 2.427849919
 -0.715799979 4.057799932 2.497779904
 -0.711350003 3.954870161 2.424170030
 -0.471020001 3.992429934 2.489930019
 -0.466730009 3.882300109 2.418400021
 -0.232129998 4.029680043 2.566949930
 -0.227869998 3.922780044 2.480129944
 -0.223969997 3.805400105 2.410939895
 0.005797000 4.064490087 2.656809986
 0.009833000 3.962629940 2.554740058
 0.013671000 3.848890075 2.468730090
 0.246690004 3.998079803 2.644130029
 0.250270008 3.890869906 2.541180002
 0.485080003 3.925750032 2.630650066
 0.487899990 3.814080032 2.527069999
 0.706380000 3.852119902 2.619090024
 -2.786769997 4.390580114 2.412910108
 -2.517780056 4.372159950 2.446119906
 -2.249229932 4.346080124 2.471850021
 -2.246829914 4.265429918 2.392899944
 -1.986739924 4.382850137 2.578919986
 -1.985060051 4.313310143 2.490710001
 -1.982130110 4.234610125 2.410900081
 -1.692830003 4.333849996 2.591080032
 -1.690119971 4.266339820 2.503040014
 -1.688400051 4.189730156 2.422820078
 -1.461689943 4.298329819 2.594480058
 -1.458760002 4.225309938 2.506319899
 -1.455439953 4.142779857 2.427560044
 -1.213929965 4.254119936 2.594480058
 -1.210269984 4.174760077 2.506300109
 -0.966409978 4.204719793 2.591409953
 -0.962230028 4.118689802 2.503339900
 -0.720250013 4.150710069 2.585599897
 -0.479820010 4.182269797 2.677229932
 -0.475500012 4.092330113 2.577350009
 -0.236430002 4.125699867 2.667990047
 -4.111310001 4.692629911 2.379389945
 -3.853230039 4.677619785 2.463100012
 -3.590089967 4.661949817 2.535860054
 -3.588990076 4.587439820 2.433500020
 -3.324389923 4.644239787 2.597610001
 -3.323989920 4.575720057 2.496320056
 -3.323130077 4.495000001 2.403880004
 -3.056900110 4.559920169 2.549079945
 -3.056860063 4.624119960 2.649199916
 -3.056210000 4.485220183 2.455590060
 -2.788630081 4.539499991 2.592639998
 -2.787939971 4.469379783 2.498540096
 -2.519980073 4.513840191 2.627470065
 -2.519299975 4.447049927 2.533139894
 -2.251599915 4.482369870 2.653890057
 -2.250989899 4.418029916 2.559710061
 -1.986700110 4.445130005 2.672590083
 -4.495309200 4.867232405 2.531709149
 -4.495192319 4.810287151 2.386703389
 -4.494945053 4.900800530 2.647389425
 -4.383999854 4.784299992 2.401900012
 -4.382329993 4.843379837 2.538589993
 -4.380779807 4.877259955 2.651930088
 -4.121500067 4.812129773 2.614130033
 -4.115980119 4.762489814 2.496700035
 -3.855240066 4.740729928 2.575099934
 -3.590810113 4.719680175 2.642770065
 4.960990045 1.076270011 2.728230087
 4.972040188 0.949060021 2.726440085
 4.999480210 0.809599995 2.711500041
 5.000247154 0.779462396 2.708491404
 5.219770130 1.060139970 2.809090074
 5.232620053 0.936130004 2.806660021
 5.263340194 0.802639988 2.789059887
 5.264416803 0.779462396 2.785876859
 5.475089885 1.042890013 2.902349923
 5.489800125 0.922220002 2.899009967
 5.523370113 0.796350010 2.878590021
 5.524699111 0.779462396 2.875386970
 4.965019878 1.199690043 2.694630064
 5.224530119 1.179559971 2.772659995
 5.234879907 1.295499969 2.728489926
 5.480450112 1.158160041 2.863740083
 5.491630174 1.269659959 2.816800028
 5.728370044 1.135569997 2.976639895
 5.740339868 1.242259983 2.927310066
 5.747030023 1.353680040 2.886210103
 5.242330022 1.415199949 2.689549932
 5.495709833 1.619120012 2.707690001
 5.498679820 1.385440002 2.776670037
 5.501009990 1.502359984 2.739589894
 5.742900074 1.578690019 2.811620012
 5.748189986 1.466320013 2.847879892
 5.967469886 1.643000054 2.908729948
 5.971959792 1.535160001 2.947960049
 6.029920187 1.626000041 2.966040047
 5.485650152 1.735149999 2.681769896
 5.714470055 1.925179968 2.742530080
 5.727179814 1.804289990 2.754089888
 5.735080224 1.691060024 2.779179951
 5.945459940 1.949100057 2.859829925
 5.956479814 1.865920029 2.857279964
 5.964839831 1.753170043 2.876440063
 6.040370092 1.732690027 2.935680095
 6.043510046 1.840649988 2.912790049
 6.044039968 1.920170034 2.916239901
 6.126420107 1.814260031 2.973649884
 6.127920002 1.964640105 2.974269912
 6.129649933 1.885070000 2.973479917
 5.438220222 2.247350058 2.751949942
 5.442449823 2.156580100 2.722519916
 5.447609816 2.067399910 2.688240027
 5.691930186 2.271550009 2.827629913
 5.696500186 2.183770062 2.809789963
 5.700210109 2.096950077 2.786909929
 5.704840180 2.011290053 2.760479925
 5.926480051 2.281859983 2.903919900
 5.931179971 2.198549919 2.893560100
 5.935609806 2.114909934 2.885950031
 5.939729977 2.031810116 2.873840043
 6.026130170 2.251940081 2.934319898
 6.031880155 2.169060055 2.929490060
 6.037270185 2.085060114 2.928019967
 6.041530054 2.001689980 2.923490014
 6.109689828 2.212940017 2.966149943
 6.116639823 2.130439971 2.967480104
 6.123079918 2.047129907 2.971990034
 4.632620141 2.510299906 2.684090054
 4.896750208 2.555249957 2.739880001
 4.901410080 2.456580056 2.707829932
 4.905910231 2.357660094 2.678189892
 5.163549911 2.495310036 2.767750062
 5.168769974 2.400049940 2.737520030
 5.173590034 2.304610098 2.709720051
 5.422289949 2.520940034 2.838120097
 5.427769851 2.430819906 2.802730072
 5.433300044 2.339130035 2.776110079
 5.676240195 2.528649988 2.917140024
 5.681099836 2.445719903 2.876610029
 5.686560180 2.359299920 2.847919939
 5.919340067 2.442349913 2.951970091
 5.922290031 2.363689942 2.922490006
 6.016289815 2.410759917 2.970909933
 6.020830013 2.332719974 2.947439905
 6.102909800 2.293929923 2.972390037
 3.820440033 2.883570036 2.706009895
 4.088940099 2.827320015 2.722260077
 4.090529867 2.721420024 2.679849975
 4.355949815 2.865900053 2.799950074
 4.357249942 2.770259976 2.739920048
 4.359779879 2.667499939 2.697109943
 4.622850101 2.805249998 2.818190027
 4.625199828 2.711979905 2.759400057
 4.628620110 2.612309996 2.716779942
 4.887029994 2.822469920 2.911059884
 4.889170174 2.742720069 2.838189946
 4.892480094 2.651819959 2.781480085
 5.151240155 2.756600035 2.928039990
 5.154389888 2.677219920 2.860580105
 5.158559885 2.588740084 2.807149896
 5.413560197 2.685700078 2.946669934
 5.417500157 2.606840106 2.886449918
 5.672100000 2.606600057 2.967430046
 3.051660024 3.145910101 2.725230064
 3.296110081 3.098420100 2.736889990
 3.299070057 3.181420034 2.825679956
 3.552190028 2.939339960 2.690850059
 3.554119961 3.042330034 2.751549939
 3.558010096 3.124109935 2.838779939
 3.563609906 3.184739966 2.942549996
 3.821300110 2.984029939 2.766869962
 3.823990002 3.065250115 2.852240112
 3.828210058 3.127099946 2.953239949
 4.088710062 2.925340086 2.782929922
 4.090149887 3.006109968 2.866060007
 4.092909861 3.069319995 2.963929903
 4.356159829 2.946289955 2.880360000
 4.357479978 3.010950051 2.974600065
 4.621860106 2.885309979 2.895259997
 1.970109995 3.378269961 2.678399906
 1.970750047 3.465150017 2.774490044
 2.239580033 3.399570007 2.785040066
 2.239990048 3.314600093 2.690509893
 2.240020083 3.463580040 2.889530035
 2.508719917 3.402099945 2.899930114
 2.509719925 3.339980030 2.795140026
 2.511070110 3.255960066 2.702010097
 2.777769929 3.345219884 2.910430077
 2.780250041 3.283790080 2.805209951
 2.782440046 3.199999919 2.713480033
 3.045970108 3.291370114 2.921150066
 3.049260005 3.229869995 2.815480111
 3.303030040 3.241709899 2.931890078
 1.191879972 3.744239919 2.738720039
 1.444609952 3.633440007 2.750519896
 1.449399977 3.713170066 2.857360058
 1.704929979 3.541330108 2.762990072
 1.708150026 3.613959998 2.868209966
 1.972560072 3.532530041 2.879030071
 0.480660005 4.029999953 2.742659999
 0.702849997 4.058700055 2.847139956
 0.705759972 3.957040142 2.731639892
 0.943190011 3.861729987 2.731740009
 0.949690002 3.956450149 2.844640054
 0.952470000 4.058349878 2.958330093
 1.198359998 3.832089948 2.848329954
 1.198459999 3.931719810 2.961260034
 1.445629983 3.807679983 2.969539957
 -1.463789959 4.364110064 2.688779961
 -1.216839999 4.325650167 2.690300113
 -0.972869981 4.356480204 2.789269900
 -0.970039982 4.282290116 2.688670065
 -0.728069979 4.314099904 2.787070116
 -0.724359998 4.234449938 2.684219973
 -0.488520018 4.352000076 2.885550028
 -0.484170014 4.267409910 2.782240044
 -0.251070014 4.390529823 2.972780028
 -0.246609998 4.305580165 2.881149994
 -0.241160000 4.216250032 2.775039990
 -0.011712000 4.344180226 2.970830072
 -0.005463800 4.254189786 2.874650061
 0.000900020 4.160199780 2.765760059
 0.226520002 4.292409867 2.967830049
 0.234730003 4.196850117 2.866350114
 0.241839996 4.098500125 2.754769986
 0.463009987 4.233249929 2.964129904
 0.473240012 4.131900147 2.856679959
 0.696320029 4.162639845 2.960440004
 -3.055910114 4.676419776 2.747999970
 -2.788250102 4.600849934 2.691539936
 -2.786600031 4.652900156 2.787370002
 -2.784460085 4.692149814 2.864059992
 -2.519239904 4.573619924 2.725169994
 -2.516790060 4.626969807 2.818729961
 -2.513519954 4.670260008 2.892920049
 -2.250409918 4.541520029 2.750329906
 -2.246980090 4.597479943 2.842280082
 -2.242119983 4.647269845 2.916049911
 -1.984260045 4.504010081 2.767659957
 -1.978759887 4.563350230 2.858479973
 -1.970520010 4.622510169 2.934410004
 -1.700529945 4.519950133 2.867060015
 -1.699020038 4.454850219 2.777189948
 -1.698900014 4.595269915 2.948610112
 -1.696079969 4.394850228 2.683799947
 -1.464389963 4.428000189 2.784620039
 -1.462519984 4.495549947 2.877139952
 -1.456769998 4.568249919 2.958090045
 -1.218540012 4.394549876 2.788559999
 -1.218299964 4.465830047 2.883719979
 -1.214860007 4.538599867 2.965040039
 -0.974380004 4.431929905 2.887099981
 -0.973240007 4.506240133 2.969739959
 -0.731999986 4.470990039 2.972450107
 -0.731109991 4.394019954 2.887619892
 -0.491229992 4.432570189 2.973390045
 -4.494296387 4.926134832 2.764360746
 -4.493482411 4.944980610 2.882091794
 -4.379199818 4.903580062 2.767249942
 -4.377650097 4.924229812 2.883709967
 -4.114720039 4.846869968 2.720030025
 -4.107930232 4.875919782 2.830079990
 -4.102359992 4.899370018 2.941560000
 -3.857800039 4.784250166 2.680419944
 -3.852650058 4.820160102 2.777690068
 -3.846759908 4.851980135 2.881479915
 -3.591790097 4.759040195 2.738019917
 -3.587689949 4.796210211 2.827849938
 -3.582600038 4.830589984 2.926110057
 -3.324179910 4.698419943 2.700119978
 -3.323940095 4.735790193 2.787370002
 -3.320829943 4.774480127 2.870840020
 -3.316710005 4.811239894 2.964199986
 -3.054700093 4.713760223 2.829079982
 -3.052559914 4.754319787 2.907289891
 -2.783339936 4.734990187 2.938089892
 -2.513539977 4.715859890 2.963840030
 5.722479895 1.024879981 3.016940085
 5.739020184 0.907980022 3.012580099
 5.774899852 0.791569997 2.989419969
 5.776859354 0.779462396 2.986014355
 5.949240178 1.007250044 3.167039948
 5.967610050 0.894750003 3.162950044
 5.988520104 1.001470024 3.204769921
 6.005459931 0.789719983 3.138690023
 6.006002426 0.779462396 3.135634121
 6.013120059 0.891680014 3.203130094
 6.035930011 1.001060009 3.253629897
 6.055609789 0.790179998 3.184159985
 6.059520412 0.779462396 3.179807914
 6.061229855 0.891780015 3.251069924
 6.102129817 0.791000028 3.233090043
 6.107733585 0.779462396 3.228483023
 5.955710076 1.112770056 3.124319948
 5.968749989 1.214039978 3.071889980
 5.975610111 1.320380019 3.029119922
 5.988080055 1.105829957 3.165029921
 5.997770000 1.207210007 3.116300097
 6.007269956 1.312689972 3.076269990
 6.032960024 1.105890027 3.219109960
 6.042089779 1.208300004 3.175440012
 6.055139937 1.313189976 3.138579894
 6.070239935 1.104390016 3.274939954
 6.078190170 1.207330031 3.236019984
 6.094580051 1.311330008 3.202340100
 6.129169837 1.310089952 3.272000002
 5.976310000 1.427980023 2.988979919
 6.015620194 1.417830004 3.039160045
 6.022019777 1.521690050 3.001679899
 6.070179865 1.415439998 3.103950061
 6.084590219 1.514840056 3.068610094
 6.100569852 1.613680040 3.034450114
 6.116500124 1.410600031 3.170480020
 6.139520090 1.505619963 3.137789899
 6.158129778 1.406089985 3.242909908
 6.164549850 1.599260024 3.105859971
 6.189799868 1.496379962 3.212820040
 6.223829929 1.584419981 3.182969987
 6.259069778 1.673019957 3.152149962
 6.275809836 1.568280044 3.265680047
 6.320090033 1.650620019 3.234989941
 6.118489895 1.714220038 3.003380029
 6.191180088 1.694050035 3.074989887
 6.203909870 1.924340031 3.027810017
 6.205219775 1.786860055 3.039320000
 6.207390223 1.848999993 3.034200054
 6.263229996 1.958790002 3.066489939
 6.272189785 1.882620039 3.084470052
 6.278739776 1.812790055 3.099109977
 6.279080175 1.758349943 3.110219957
 6.323169917 1.911749947 3.116420005
 6.334419828 1.840270008 3.143819980
 6.344140042 1.776410034 3.168029943
 6.346569862 1.728589996 3.186679911
 6.367949769 1.935139997 3.129479941
 6.379439961 1.864079968 3.166950075
 6.392390002 1.797809964 3.204579931
 6.405130029 1.740009990 3.239230020
 6.410609931 1.698149950 3.265759908
 6.414390169 1.953910105 3.125450108
 6.423430052 1.882830053 3.169330070
 6.434480194 1.816469943 3.216810059
 6.447750144 1.755579957 3.265320091
 6.469000131 1.971039921 3.105999902
 6.474779919 1.898390008 3.153380007
 6.482250057 1.831219997 3.206749912
 6.491450127 1.769599970 3.264379920
 6.539369933 1.914800028 3.121339949
 6.543720141 1.845260034 3.177749924
 6.548909936 1.781490049 3.240230028
 6.621879991 1.941140043 3.077449976
 6.623790134 1.864769962 3.132269951
 6.626260001 1.796709956 3.197249956
 6.628829986 1.734819962 3.268149914
 6.770169828 1.736809965 3.239810001
 6.770560052 1.803989988 3.162940033
 6.771029904 1.882459968 3.097279929
 6.771590095 1.970970072 3.046370111
 6.854920182 1.749900053 3.274200018
 6.855689920 1.813870040 3.200750099
 6.855720188 1.971449936 3.087179968
 6.855950225 1.888060011 3.137300024
 6.926219910 1.829540008 3.245820059
 6.927629933 1.898639952 3.186729969
 6.928709801 1.976069994 3.139849985
 6.994999945 1.911830041 3.241470084
 6.173300091 2.249019919 2.996909898
 6.181260105 2.167670056 2.998499898
 6.189450156 2.085960004 3.006889950
 6.197339855 2.004340058 3.018169897
 6.228209939 2.281589899 3.019140102
 6.235959940 2.199149923 3.020920092
 6.244500168 2.117929980 3.031040076
 6.253730040 2.037720056 3.047379898
 6.287139840 2.228500089 3.033289919
 6.294019986 2.145299921 3.044259967
 6.302520167 2.064990113 3.063420067
 6.312329788 1.987090101 3.088490106
 6.342459936 2.258549910 3.036259906
 6.344669964 2.171539934 3.046350088
 6.350229960 2.088459907 3.066610079
 6.358149927 2.009930089 3.095139982
 6.403040141 2.199680079 3.039449919
 6.403150037 2.111749956 3.057959955
 6.407409906 2.029800089 3.087440040
 6.465679966 2.050909912 3.067550017
 6.466439925 2.138440032 3.041000105
 6.473919842 2.230949933 3.029280109
 6.536569912 1.992230071 3.074380103
 6.536739878 2.078060061 3.040360054
 6.542200223 2.171369968 3.022959922
 6.556340028 2.261929912 3.024939913
 6.621100008 2.025770023 3.036659909
 6.621600129 2.117089927 3.014740068
 6.622349843 2.211049898 3.015170107
 6.772229914 2.068599919 3.016950097
 6.772909779 2.177360002 3.017550102
 6.773510017 2.278629923 3.055769950
 6.855039857 2.062299987 3.056850052
 6.856310181 2.168769948 3.059759969
 6.857359782 2.263260074 3.097790061
 6.929459982 2.059519989 3.111260012
 6.929649971 2.161760116 3.114630003
 6.929900032 2.248649951 3.150539938
 6.997080054 1.982579939 3.198429942
 6.997929886 2.232810017 3.208779963
 6.998280063 2.154219896 3.175539896
 6.998899858 2.058150014 3.172120079
 7.062680088 1.989430049 3.259930061
 7.063339930 2.215869958 3.269870067
 7.064150181 2.145699924 3.239579964
 7.065400016 2.057170030 3.236209974
 5.917740054 2.517699962 2.989179920
 6.004210096 2.557809930 3.041639924
 6.011580117 2.486560028 3.002359997
 6.068780087 2.582140034 3.081850009
 6.078499835 2.523760078 3.043799894
 6.088760216 2.451010048 3.012029920
 6.096309982 2.373280004 2.988090040
 6.143350154 2.544089919 3.076459980
 6.148150191 2.485449892 3.044069977
 6.157299969 2.410330111 3.019809956
 6.165550090 2.330059884 3.004089929
 6.213789806 2.564379945 3.115399973
 6.215339992 2.442500088 3.043049946
 6.215940230 2.502510091 3.069780068
 6.221119780 2.364430111 3.026329912
 6.280920003 2.395239891 3.041019896
 6.281069946 2.576919971 3.162180074
 6.282339804 2.313670004 3.031810047
 6.283060182 2.524890006 3.104419913
 6.286609918 2.457990078 3.062040079
 6.345409900 2.344120061 3.038119990
 6.348339841 2.539729932 3.149280092
 6.351190154 2.483200049 3.092709929
 6.355899852 2.411460038 3.053579945
 6.409320049 2.289179945 3.034250112
 6.411130074 2.550079953 3.203930100
 6.414580159 2.500520088 3.135690000
 6.418140139 2.439219970 3.080270020
 6.423629820 2.362780040 3.044370096
 6.473749876 2.559799934 3.264310071
 6.476679817 2.513519954 3.190129995
 6.480319891 2.459709998 3.121670103
 6.484339945 2.393449889 3.067380050
 6.490150001 2.312560100 3.034689929
 6.541459821 2.526229946 3.251299961
 6.543990225 2.476080088 3.176300088
 6.547300145 2.418000018 3.107609926
 6.551150233 2.346779918 3.054409986
 6.620009895 2.491619904 3.239220008
 6.620910019 2.437940100 3.163320012
 6.621830165 2.375880023 3.094240092
 6.622409914 2.299830085 3.041829914
 6.774010137 2.359139966 3.128830111
 6.774500012 2.426150022 3.214929951
 6.857910194 2.338590100 3.168189898
 6.858069915 2.401760081 3.249750007
 6.929730065 2.318019979 3.216390032
 6.997220218 2.295620041 3.269339912
 5.148599856 2.825849922 3.006639890
 5.405580159 2.858059946 3.158580046
 5.405830219 2.820030088 3.097160021
 5.409949925 2.756329952 3.017140087
 5.661509931 2.816089895 3.219440114
 5.662899930 2.783690114 3.155659884
 5.663480144 2.743009944 3.096319968
 5.668099970 2.678209916 3.027080093
 5.914609879 2.732190071 3.211620031
 5.915489979 2.696440089 3.147830022
 5.916220136 2.651449991 3.090149956
 5.916900001 2.588179894 3.034909954
 5.993050057 2.617910039 3.086409997
 5.995740183 2.665719949 3.141880035
 5.997519940 2.703010105 3.204789944
 5.997910164 2.732590074 3.272309899
 6.070230156 2.634359989 3.134099999
 6.071399897 2.706629923 3.263260005
 6.071479991 2.674649935 3.195700003
 6.141989958 2.679550089 3.253180068
 6.142910104 2.600990003 3.125349991
 6.142979953 2.644750057 3.185600042
 6.210939959 2.650169889 3.242050065
 6.212760229 2.612099983 3.174369922
 6.278589834 2.618589904 3.230029950
 6.345290225 2.585219918 3.217299934
 3.833370050 3.179579973 3.061390016
 4.096339922 3.123759991 3.069610102
 4.098129924 3.157319967 3.140229965
 4.359200131 3.067370038 3.077219939
 4.360610154 3.101400100 3.146549920
 4.360829946 3.130849916 3.214109922
 4.621789791 2.951489994 2.985259984
 4.621840082 3.009869950 3.084100084
 4.622550216 3.073639935 3.218400059
 4.622850101 3.044449957 3.151769983
 4.883899819 3.014999907 3.221509978
 4.884089809 2.950499998 3.090050071
 4.884679802 2.985819941 3.155790037
 4.885619972 2.890199888 2.995969960
 5.144619849 2.953910036 3.223150037
 5.145629868 2.887970069 3.094650107
 5.145790055 2.924350090 3.158269916
 5.404159892 2.888570074 3.222780069
 2.498150105 3.473609919 3.013279987
 2.766849939 3.449569922 3.099429887
 2.767419908 3.410609905 3.023710102
 3.033659887 3.456129925 3.251180053
 3.034410067 3.422030015 3.179199994
 3.035849892 3.386369906 3.107700031
 3.037299961 3.350239946 3.033820074
 3.307539970 3.291480010 3.043590114
 3.310430096 3.323330078 3.115070052
 3.313140012 3.355510067 3.186410060
 3.315619892 3.386870027 3.258120036
 3.570409957 3.235339886 3.052700078
 3.572910093 3.267900087 3.124499926
 3.574919887 3.299209988 3.194899997
 3.576650051 3.328939900 3.265789943
 3.835520009 3.212680109 3.132869955
 3.836910008 3.243220039 3.202320077
 3.837960074 3.271470079 3.272440052
 4.098920152 3.187240101 3.208739916
 1.701359986 3.702719929 2.980279969
 1.702339971 3.752759891 3.057129914
 1.961709931 3.751379903 3.213980002
 1.963170012 3.708750010 3.140860004
 1.963719958 3.615560010 2.991500078
 1.964489929 3.662940115 3.069109982
 2.227819990 3.669339931 3.224879969
 2.229100093 3.628859995 3.152000019
 2.229959937 3.540939884 3.002529964
 2.230399987 3.585560014 3.080140101
 2.495760098 3.594429931 3.234660020
 2.496839967 3.556129988 3.162069945
 2.498140093 3.515410004 3.090250073
 2.764689969 3.523850115 3.243410029
 2.765560057 3.487709910 3.171120072
 1.195400022 4.086719826 3.176070051
 1.197559992 4.038710147 3.103390103
 1.199209946 3.986380063 3.033679910
 1.441880013 3.996650223 3.266060026
 1.443290035 3.957000095 3.188699950
 1.445150003 3.910529893 3.115539905
 1.446619979 3.860139987 3.044720041
 1.699339948 3.845660016 3.201809945
 1.700980007 3.800990060 3.128570039
 0.221969996 4.352860153 3.031739965
 0.448470004 4.351140000 3.095640102
 0.456129987 4.294250160 3.028589999
 0.674310024 4.373730160 3.239260055
 0.678689976 4.331289791 3.162400099
 0.684440020 4.279640038 3.091430059
 0.690540008 4.222500138 3.024749923
 0.946370012 4.259299953 3.244030057
 0.948539993 4.218129907 3.166859969
 0.950990012 4.168829881 3.095059888
 0.952770002 4.114829935 3.026900114
 1.193630043 4.127270076 3.253520001
 -1.973679988 4.675259814 3.002309939
 -1.696399995 4.651859868 3.016839968
 -1.451479970 4.623990040 3.023720114
 -1.447489951 4.672269803 3.097040113
 -1.211010036 4.594500177 3.028909909
 -1.208510017 4.643959925 3.100810107
 -1.207220019 4.685290158 3.177809995
 -0.970610010 4.562660120 3.032570006
 -0.969599991 4.691210110 3.258530051
 -0.969489978 4.613209981 3.103249939
 -0.969320012 4.655980039 3.178979969
 -0.732880027 4.660190083 3.257780103
 -0.731830020 4.623869900 3.179100109
 -0.730859989 4.579749890 3.104479983
 -0.730580010 4.528169986 3.034830093
 -0.496720022 4.625959788 3.256209893
 -0.494880020 4.588610027 3.178240033
 -0.492759980 4.543209914 3.104580101
 -0.491069979 4.490629770 3.035780042
 -0.261300011 4.588060081 3.253899980
 -0.258679996 4.549730103 3.176480066
 -0.255399995 4.503069911 3.103639930
 -0.252269994 4.449480213 3.035509959
 -0.026893000 4.545819946 3.250940004
 -0.023487000 4.506490193 3.173920093
 -0.019043000 4.458560143 3.101730021
 -0.014453000 4.403959960 3.034119960
 0.206130004 4.498159979 3.247469896
 0.210309998 4.457800183 3.170670010
 0.215900000 4.408529960 3.098990070
 0.436670001 4.443409853 3.243729938
 0.441649987 4.401879851 3.166980110
 -4.492599051 4.958888516 3.000103170
 -4.491717555 4.969052505 3.118265886
 -4.490893334 4.976348951 3.236469813
 -4.376220051 4.940549843 3.000870114
 -4.374939948 4.953329917 3.118480090
 -4.373840056 4.963430110 3.236349905
 -4.098199774 4.918309860 3.053599969
 -4.095499869 4.933579825 3.165819915
 -3.841720056 4.878169857 2.987480024
 -3.837730037 4.899589811 3.094440093
 -3.834819887 4.917120095 3.201829968
 -3.578090109 4.859259818 3.027290106
 -3.574369941 4.882889800 3.129770048
 -3.571440000 4.902429879 3.232900053
 -3.312950023 4.842100199 3.061099909
 -3.309709951 4.867679905 3.159630112
 -3.306959989 4.888960160 3.258999903
 -3.049550112 4.793279804 2.996349940
 -3.046680009 4.826080054 3.089450067
 -3.044069977 4.853310063 3.184499918
 -2.781529911 4.776009824 3.023389960
 -2.779670060 4.810479935 3.113139886
 -2.777809976 4.839099944 3.205110086
 -2.513000043 4.758810159 3.045890015
 -2.512220060 4.794689827 3.132689977
 -2.511210041 4.824430216 3.221960040
 -2.244550036 4.777879920 3.148399992
 -2.244429896 4.808450118 3.235310083
 -2.244180068 4.740859848 3.064190038
 -2.243410097 4.696140066 2.984930063
 -1.978959888 4.790729843 3.245939966
 -1.977960113 4.759559873 3.161099972
 -1.976140076 4.721640144 3.079150105
 -1.694360049 4.699190147 3.091759980
 -1.693160040 4.737370182 3.171809949
 -1.692579943 4.768650047 3.254869953
 -1.444990048 4.711989779 3.175480058
 -1.443700050 4.744669888 3.257199889
 -1.206740038 4.719309974 3.258370096
 6.076680031 0.999759999 3.304790007
 6.103890017 0.891749980 3.301959950
 6.111590192 0.999529962 3.361440031
 6.139419973 0.999139971 3.422230016
 6.140300073 0.892810000 3.357989946
 6.144649815 0.792220002 3.285669954
 6.152042653 0.779462396 3.280914854
 6.165259983 0.999000040 3.483979963
 6.170100067 0.893979974 3.417730099
 6.180659868 0.794239982 3.342960030
 6.186929997 0.999390031 3.548280103
 6.189273670 0.779462396 3.337194677
 6.197600160 0.895500008 3.478569910
 6.210709922 0.796389999 3.403489944
 6.220899988 0.897630001 3.541559912
 6.221425254 0.779462396 3.398115281
 6.238160189 0.798709982 3.465269925
 6.250968203 0.779462396 3.460395383
 6.261489820 0.801480026 3.528760048
 6.275440101 0.779462396 3.523281775
 6.102089770 1.103869989 3.336460097
 6.109199952 1.207179972 3.302430036
 6.126489956 1.102920040 3.402430099
 6.132530048 1.206359942 3.373590065
 6.149140187 1.102110022 3.469259944
 6.154200062 1.205560053 3.445589915
 6.155979820 1.307980041 3.346710000
 6.167639978 1.101689995 3.538920078
 6.171760149 1.205020002 3.520640079
 6.181110162 1.305780024 3.422359936
 6.202170160 1.303700032 3.501219908
 6.192009896 1.400540001 3.320629941
 6.224079989 1.394769992 3.399479901
 6.232489832 1.485949964 3.293300048
 6.252119783 1.388930017 3.481619991
 6.273089908 1.475149998 3.375200089
 6.273780018 1.382209943 3.563799895
 6.309709977 1.464079949 3.460370004
 6.325310096 1.551600057 3.350180108
 6.340330001 1.452040044 3.546010004
 6.370860152 1.534449984 3.437879961
 6.378190126 1.627529971 3.320100019
 6.410940085 1.516249962 3.526669927
 6.432400085 1.603750046 3.408320015
 6.470830180 1.666969969 3.347590100
 6.481839810 1.578900032 3.498410108
 6.516769994 1.667220029 3.383370116
 6.527040154 1.634840039 3.431859892
 6.562320050 1.672880026 3.378689988
 6.571900100 1.631060033 3.451660043
 6.581869908 1.602209988 3.516850062
 6.633589976 1.632189960 3.425729927
 6.635200232 1.594369998 3.511850024
 6.767009851 1.580700045 3.502980107
 6.768689957 1.624049968 3.410310019
 6.769639906 1.676489948 3.322459990
 6.846960168 1.599760028 3.523269901
 6.850790232 1.641810057 3.435899969
 6.914270110 1.628560014 3.545430023
 6.918679923 1.668200013 3.464259906
 6.977790035 1.663640025 3.569850000
 6.462320220 1.703600050 3.311550012
 6.502930075 1.713869977 3.324209945
 6.554930005 1.724089961 3.307709936
 6.631310098 1.680150046 3.344760044
 6.853369996 1.692250022 3.352770116
 6.922009867 1.715620048 3.387029981
 6.924429908 1.769670052 3.314039903
 6.982809864 1.700159977 3.495499957
 6.986869965 1.743840054 3.424800001
 6.990069989 1.793549978 3.357989946
 6.992680021 1.848579966 3.295609960
 7.044829894 1.733610057 3.528000088
 7.049500011 1.773269963 3.464119975
 7.053359877 1.818399993 3.403830109
 7.056669798 1.868339954 3.347609891
 7.059750147 1.925559947 3.298779950
 7.104909979 1.768280054 3.561710007
 7.110080216 1.803689986 3.504920052
 7.114470005 1.843999955 3.451399971
 7.118349895 1.888609957 3.401590046
 7.122070063 1.939540030 3.358320100
 7.168519776 1.834630035 3.547339933
 7.173220161 1.869929954 3.500869963
 7.177439984 1.908999984 3.457749961
 7.181560155 1.953450032 3.420329886
 7.228389848 1.896100002 3.553020069
 7.232530043 1.929349964 3.516989993
 7.236590143 1.967049902 3.485850058
 7.281490136 1.979890047 3.557730000
 7.062229794 2.272039885 3.324740101
 7.124930155 2.247150056 3.382229945
 7.125699893 1.996309962 3.323940095
 7.126329932 2.197630005 3.333410015
 7.127489895 2.135900082 3.306270111
 7.129179779 2.056180034 3.303000005
 7.183250040 2.257250017 3.489420051
 7.184850052 2.220750088 3.441980109
 7.185650058 2.002930036 3.390690079
 7.186389994 2.177909948 3.399580019
 7.187739946 2.124649938 3.375829896
 7.189650089 2.054909943 3.372770036
 7.239039987 2.223359887 3.544609994
 7.240429986 2.192510059 3.504900029
 7.240660023 2.008959884 3.461380024
 7.241779938 2.156399889 3.469400108
 7.242979947 2.111630049 3.449429991
 7.244669832 2.052949974 3.446870018
 7.284599822 2.013759920 3.538989928
 7.286080159 2.161090029 3.573430004
 7.286559790 2.131959889 3.545549931
 7.286950015 2.095900010 3.529950045
 7.287700195 2.049400005 3.528370056
 6.539830007 2.570959972 3.329820000
 6.618699990 2.582449932 3.401390044
 6.619289983 2.539620036 3.318869974
 6.774969865 2.484699944 3.307020059
 6.775440183 2.538010012 3.402279923
 6.775849964 2.581370063 3.502310021
 6.856170017 2.550049918 3.520020051
 6.857220083 2.508319914 3.426099895
 6.857830100 2.457269933 3.336600028
 6.926060189 2.514099935 3.541530110
 6.927459966 2.475369954 3.454749938
 6.928510033 2.427839907 3.372129984
 6.929269992 2.376419958 3.291849978
 6.992040202 2.473870059 3.565710038
 6.993739866 2.438720083 3.486569971
 6.995129865 2.395380056 3.411330050
 6.996300071 2.348660026 3.338159993
 7.057849783 2.400469966 3.520159982
 7.059480064 2.361519961 3.452460049
 7.060950156 2.319609979 3.386639990
 7.119980175 2.360709943 3.555299947
 7.121770177 2.326260088 3.495309968
 7.123420015 2.289199969 3.437019885
 7.181549910 2.289399970 3.539959900
 5.655339919 2.879450098 3.425189992
 5.657659844 2.862310037 3.355239984
 5.659759976 2.841680078 3.286409890
 5.907040089 2.835819963 3.561590100
 5.908499938 2.820840105 3.489969997
 5.910169799 2.803409938 3.418910084
 5.911900196 2.783610020 3.348469967
 5.913429894 2.760489937 3.279069904
 5.989800207 2.814480104 3.556970041
 5.992860068 2.797710011 3.484549932
 5.995320156 2.778539900 3.412880003
 5.997090135 2.757119946 3.341990057
 6.061879918 2.795889974 3.551149974
 6.065280177 2.777629998 3.477609949
 6.068080198 2.756709931 3.405000083
 6.070199888 2.733309986 3.333410015
 6.131490227 2.777179936 3.544630017
 6.134780124 2.757289913 3.469829913
 6.137710065 2.734410111 3.396210028
 6.140170153 2.708740067 3.323829966
 6.200119853 2.757519949 3.537419951
 6.203080062 2.735720016 3.461289918
 6.205940153 2.710560104 3.386549884
 6.208600011 2.682280028 3.313289955
 6.268119905 2.736849943 3.529639915
 6.270579994 2.712849993 3.452090081
 6.273190025 2.685120096 3.376150038
 6.275900174 2.653920092 3.301929915
 6.335659884 2.715250012 3.521370003
 6.337489933 2.688840032 3.442340065
 6.339740008 2.658329904 3.365149954
 6.342370063 2.623989945 3.289920045
 6.402839907 2.692729933 3.512660041
 6.403930020 2.663709922 3.432109952
 6.405699998 2.630220028 3.353609936
 6.408120040 2.592530102 3.277309937
 6.470100023 2.669400070 3.503669985
 6.470430177 2.637620084 3.421559930
 6.471659988 2.600990003 3.341709962
 6.539059803 2.610770054 3.411009908
 6.539190188 2.645380097 3.494669916
 6.617830135 2.651049988 3.574019996
 6.618219893 2.619819948 3.486499889
 4.360119812 3.178700106 3.352900036
 4.360630177 3.156640101 3.282810096
 4.616369959 3.156869905 3.572019981
 4.617929924 3.148779972 3.499039914
 4.619400017 3.136249958 3.426959971
 4.620720167 3.119410016 3.356050001
 4.621789791 3.098519985 3.286479972
 4.875429906 3.095549997 3.572419984
 4.877380095 3.087450052 3.500099992
 4.879300017 3.075320041 3.428610042
 4.881099798 3.059240058 3.358189948
 4.882660229 3.039239906 3.289059969
 5.134370178 3.033760004 3.571969923
 5.136610009 3.025250044 3.500190098
 5.138869863 3.013100009 3.429169999
 5.141050089 2.997389995 3.359120106
 5.142999813 2.977889962 3.290290013
 5.392970052 2.970759990 3.570389934
 5.395330023 2.961219987 3.498970065
 5.397759844 2.948449925 3.428250086
 5.400159862 2.932490082 3.358379938
 5.402329843 2.912899945 3.289690008
 5.650839768 2.905329922 3.567189910
 5.653019994 2.893819939 3.495879937
 3.033729969 3.486759961 3.324629972
 3.317819908 3.415619954 3.330900101
 3.319720039 3.439760068 3.405319992
 3.321280004 3.457509913 3.481520107
 3.322470002 3.468590090 3.559000092
 3.578099888 3.355779918 3.337830072
 3.579280106 3.378110006 3.411429934
 3.580169985 3.394509898 3.486670088
 3.580759978 3.404730000 3.563120030
 3.838720033 3.296539886 3.343770048
 3.839219920 3.317219904 3.416609950
 3.839439945 3.341849893 3.566429950
 3.839449957 3.332399996 3.490959993
 4.098319914 3.279739991 3.569019958
 4.098889884 3.270919900 3.494449891
 4.099269863 3.256829921 3.420929890
 4.099320155 3.214159980 3.278119955
 4.099430051 3.237630008 3.348809900
 4.357310012 3.218160011 3.570880042
 4.358400125 3.209810006 3.497150028
 4.359350074 3.196609905 3.424389986
 1.960790018 3.788310103 3.290290013
 2.227139892 3.704679897 3.300490091
 2.227349905 3.732670099 3.379180096
 2.228399972 3.752530087 3.460289910
 2.229919890 3.765479894 3.542749910
 2.495330060 3.628140083 3.309539985
 2.495779889 3.655140055 3.387130098
 2.497049980 3.674410051 3.466960043
 2.498870017 3.686770098 3.548129927
 2.764540026 3.555970034 3.317570081
 2.765239915 3.581990022 3.394070081
 2.766770078 3.600650001 3.472659970
 2.768920036 3.612400033 3.552559996
 3.034699941 3.511870047 3.400079906
 3.036529990 3.529960057 3.477449995
 3.039119998 3.541110083 3.556140000
 1.441500033 4.026909824 3.347760066
 1.442019944 4.047600087 3.432430094
 1.442800043 4.061359912 3.518450074
 1.698030042 3.913839813 3.359559923
 1.698200009 3.884090111 3.278739983
 1.698739943 3.934559878 3.443160094
 1.699779998 3.948360216 3.528119996
 1.960800029 3.817250021 3.370079910
 1.961660106 3.837629920 3.452460049
 1.962929964 3.851100104 3.536199918
 0.944669999 4.320649896 3.499510000
 0.944970001 4.308539908 3.412360093
 0.945230015 4.289359786 3.326500067
 1.192900003 4.157599993 3.335779998
 1.193110016 4.177730065 3.421219997
 1.193449949 4.190859850 3.507989924
 -0.733579975 4.688660149 3.339689923
 -0.498029985 4.675659817 3.421670059
 -0.497829984 4.690580070 3.506809939
 -0.497769972 4.654739983 3.337770002
 -0.262910005 4.637479782 3.419209970
 -0.262710004 4.617100116 3.335260088
 -0.262379996 4.651479889 3.504409920
 -0.028766000 4.594849888 3.416449996
 -0.028638000 4.575079773 3.332290100
 -0.027872000 4.607869778 3.501879983
 0.204059994 4.546740092 3.413570113
 0.204070006 4.527629819 3.329009982
 0.205339995 4.558749963 3.499400103
 0.434320013 4.473130219 3.325680038
 0.434490008 4.491540138 3.410859965
 0.436269998 4.502499942 3.497269936
 0.672170019 4.421629943 3.408059943
 0.672189984 4.403709900 3.321890021
 0.673160015 4.432090092 3.495439887
 -4.490172025 4.981469363 3.354675137
 -4.489595070 4.984986037 3.472884186
 -4.372950178 4.971249960 3.354389919
 -4.372269846 4.977109842 3.472540062
 -4.096330144 4.963879939 3.502049949
 -4.094569944 4.956009798 3.390090074
 -4.094279837 4.946010187 3.278010059
 -3.832970047 4.931610078 3.309360007
 -3.832499962 4.952909891 3.524529980
 -3.832200076 4.943449982 3.416950116
 -3.569260007 4.918720108 3.336319933
 -3.567849984 4.932160024 3.439910011
 -3.567199921 4.942989908 3.543599974
 -3.304660087 4.906800110 3.358819988
 -3.302800003 4.921580199 3.458929947
 -3.301369958 4.933520220 3.559239907
 -3.041669959 4.876050167 3.280580044
 -3.039400093 4.895170219 3.377269953
 -3.037239891 4.911039956 3.474350087
 -3.035200061 4.923829809 3.571730107
 -2.775860019 4.863040056 3.298310097
 -2.773730084 4.883179907 3.392240033
 -2.771399915 4.899870139 3.486680100
 -2.509800019 4.849290010 3.312620101
 -2.507909900 4.870200064 3.404150018
 -2.505480079 4.887470044 3.496309975
 -2.243629890 4.833979998 3.323779907
 -2.242030110 4.855399951 3.413249971
 -2.239580033 4.873000085 3.503439948
 -1.978870016 4.816669971 3.332490101
 -1.977569889 4.838369787 3.420149907
 -1.974970102 4.856059793 3.508660011
 -1.692340011 4.794700071 3.339719959
 -1.692329999 4.834339954 3.512720112
 -1.692289952 4.816540051 3.425759962
 -1.444850001 4.811150022 3.512700088
 -1.443700050 4.793529864 3.426390002
 -1.443309942 4.771530163 3.341069911
 -1.207820023 4.785900004 3.511999967
 -1.207050052 4.768770188 3.426190000
 -1.206720015 4.746850114 3.341440111
 -0.970699999 4.757469986 3.510710085
 -0.970249996 4.740970209 3.425260074
 -0.969939982 4.719269928 3.340939991
 -0.733989989 4.725779872 3.508949885
 -0.733860012 4.710020032 3.423719900
 6.202260032 0.999500044 3.613139968
 6.218609866 1.000109944 3.684930038
 6.230449770 0.998690026 3.727040021
 6.238279864 0.899720006 3.605640028
 6.255960092 0.902229978 3.673450090
 6.270488724 1.014592126 3.871482797
 6.272189785 0.903750013 3.724870039
 6.279520225 0.804179988 3.593889996
 6.294498220 0.779462396 3.590081353
 6.297090091 0.806990021 3.659179900
 6.311314180 0.923085783 3.871434601
 6.311329082 0.779462396 3.655111184
 6.316930056 0.810120022 3.723829985
 6.330491975 0.779462396 3.719812958
 6.356574129 0.828610035 3.871533554
 6.380118895 0.779462396 3.871649969
 6.179510150 1.100800000 3.608709900
 6.182590034 1.203840016 3.595560091
 6.192930043 1.100399997 3.687960096
 6.195249967 1.203109976 3.681600094
 6.199609954 1.097609987 3.727450036
 6.200009957 1.200260012 3.721379908
 6.216589827 1.300859964 3.579909913
 6.232387386 1.195819117 3.871482797
 6.232860032 1.298359944 3.670349950
 6.239503622 1.106855692 3.871571273
 6.241119932 1.294370042 3.712049918
 6.260695402 1.280071680 3.871482797
 6.297070067 1.375669963 3.657269990
 6.312959827 1.368329977 3.703820053
 6.328659132 1.348370221 3.871482797
 6.372080185 1.439979998 3.641430056
 6.397579797 1.427719952 3.696129890
 6.413509138 1.397511340 3.871482797
 6.451429799 1.497820020 3.622849938
 6.487169769 1.479509985 3.688659985
 6.504492834 1.438636100 3.871482797
 6.530830171 1.553619979 3.592869965
 6.576790009 1.528340043 3.671050072
 6.597977597 1.477009850 3.871482797
 6.635449827 1.569060027 3.602450015
 6.662450265 1.503618434 3.871482797
 6.759460084 1.529559959 3.803049913
 6.759712007 1.528048306 3.871482797
 6.761100143 1.533339964 3.700779984
 6.764320191 1.547390013 3.599639982
 6.830980070 1.545459963 3.804530017
 6.831401959 1.544267870 3.871482797
 6.835820153 1.551580033 3.708980046
 6.841780152 1.567050000 3.614159999
 6.898129825 1.574959955 3.806419903
 6.898576394 1.574066933 3.871482797
 6.902920082 1.582070021 3.717869986
 6.908829790 1.597639988 3.629890038
 6.961040199 1.612860011 3.808690002
 6.961438805 1.612258144 3.871482797
 6.965959910 1.620279974 3.727700096
 6.971970201 1.635210006 3.647210076
 7.022100035 1.653679996 3.811170114
 7.022411563 1.653230283 3.871482797
 7.027119864 1.660999958 3.737939987
 7.033170201 1.674909960 3.665209981
 7.039280143 1.700529945 3.595219925
 7.081680000 1.696630032 3.813880030
 7.081923541 1.696303254 3.871482797
 7.086699829 1.703639980 3.748629941
 7.092679851 1.716269995 3.683899995
 7.098960225 1.738860039 3.621550044
 7.140059955 1.741179964 3.816870041
 7.140193600 1.740995911 3.871482797
 7.144929841 1.747659990 3.759840038
 7.150639780 1.758789993 3.703390015
 7.156900130 1.778139966 3.648940008
 7.163059898 1.803679974 3.596760100
 7.196879946 1.787659945 3.820300102
 7.196932565 1.787616755 3.871482797
 7.201320026 1.793339965 3.771869931
 7.206459995 1.802650047 3.724029986
 7.212379947 1.818489982 3.677859902
 7.218389772 1.839870005 3.633710090
 7.223770022 1.866100007 3.592039924
 7.250264287 1.837906893 3.871482797
 7.250410039 1.837780001 3.824790008
 7.253699936 1.842060010 3.785700072
 7.257469930 1.848959946 3.747180104
 7.262220141 1.860699966 3.709970042
 7.267250214 1.877379953 3.674529959
 7.271660026 1.898339950 3.641270101
 7.275289856 1.922519994 3.610339947
 7.278420031 1.949439989 3.582020057
 7.293928415 1.896143192 3.871482797
 7.294460200 1.895830035 3.831620095
 7.295450196 1.897739945 3.802289953
 7.296749856 1.901200041 3.773429897
 7.299310062 1.907840022 3.745520022
 7.302409969 1.918790047 3.719140077
 7.305040024 1.933480031 3.694700077
 7.306999993 1.950850012 3.672289895
 7.308579981 1.970449928 3.652150044
 7.325993851 1.961722272 3.871482797
 7.326419931 1.961570000 3.837479977
 7.326730061 1.961679896 3.820719896
 7.327029947 1.961790025 3.803970059
 7.328699809 1.962990034 3.787359921
 7.330980152 1.967550023 3.771459917
 7.332679816 1.975019928 3.756569931
 7.236029953 2.275580075 3.630900057
 7.237569895 2.250530059 3.587039886
 7.279220037 2.266499912 3.832030110
 7.279385347 2.266607247 3.871482797
 7.281119935 2.262260066 3.788430011
 7.282369770 2.255009953 3.749370109
 7.283430081 2.243370051 3.710649908
 7.284299936 2.227920108 3.673470113
 7.284959778 2.207949990 3.638460068
 7.285549771 2.186039928 3.604789963
 7.310240064 1.992679900 3.635199973
 7.312130183 2.017539926 3.622689983
 7.314169779 2.076880075 3.616620088
 7.314200047 2.044019988 3.616420086
 7.314419840 2.103480045 3.627310041
 7.314729970 2.124899998 3.646990051
 7.315109950 2.143200021 3.669480095
 7.315540221 2.159130061 3.693880048
 7.315990049 2.173260087 3.719540080
 7.316340227 2.183740027 3.746990114
 7.316410076 2.196589950 3.836170072
 7.316474803 2.196599264 3.871482797
 7.316560019 2.191070002 3.775659949
 7.316629868 2.194759902 3.804750042
 7.333530113 1.984409988 3.742730012
 7.333850022 1.995370025 3.730080090
 7.334140129 2.007989911 3.719090018
 7.334580179 2.022450091 3.710730001
 7.335179951 2.038480015 3.706109943
 7.335910108 2.055909950 3.706489922
 7.336670067 2.071829978 3.713330021
 7.337479852 2.084450098 3.725369927
 7.338299882 2.095170086 3.739180043
 7.339099888 2.104359912 3.754060017
 7.339839824 2.112109913 3.769739997
 7.340389770 2.117360011 3.786409972
 7.340730168 2.120400080 3.803649917
 7.340800017 2.120869933 3.821139922
 7.340809796 2.120930003 3.838649951
 7.340847980 2.120927209 3.871482797
 6.854710169 2.582980087 3.617360024
 6.919240113 2.577649895 3.822680097
 6.919636857 2.578248270 3.871482797
 6.922290195 2.566910116 3.723039990
 6.924320012 2.544800052 3.631490050
 6.984429900 2.531989943 3.823640058
 6.984812208 2.532502171 3.871482797
 6.987810135 2.521740040 3.730939934
 6.990040187 2.501730109 3.647760022
 7.047819905 2.483869903 3.824729938
 7.048169617 2.484307857 3.871482797
 7.051399909 2.474420005 3.740069922
 7.053750101 2.456719987 3.665369935
 7.055929862 2.431869972 3.591439920
 7.109719794 2.433829941 3.825980006
 7.110033650 2.434206195 3.871482797
 7.113310043 2.425340004 3.750330070
 7.115710061 2.410050016 3.684180090
 7.117960136 2.388299908 3.618540009
 7.169830147 2.381670056 3.827469889
 7.170104422 2.381972270 3.871482797
 7.173229940 2.374320058 3.761660075
 7.175560109 2.361519961 3.704169998
 7.177759893 2.342940075 3.647059901
 7.179759908 2.319230000 3.592049936
 7.227370050 2.326729940 3.829339985
 7.227601949 2.326945774 3.871482797
 7.230309770 2.320739906 3.774150042
 7.232369855 2.310570097 3.725579940
 7.234289777 2.295299899 3.677329980
 5.904399790 2.861819929 3.779409919
 5.904620048 2.862251597 3.871482797
 5.904930178 2.856819890 3.706400050
 5.905829836 2.847969998 3.633749904
 5.975909997 2.845499897 3.777809907
 5.976011045 2.846063813 3.871482797
 5.981579889 2.838949906 3.703899914
 5.986080039 2.828409895 3.630100051
 6.047400180 2.829120029 3.776039928
 6.047694478 2.829770092 3.871482797
 6.053150166 2.822329989 3.700939938
 6.057850085 2.810999984 3.625599900
 6.118880119 2.812680090 3.774099983
 6.119066384 2.813499188 3.871482797
 6.123720203 2.805670025 3.697549924
 6.127799861 2.793540014 3.620530013
 6.190299988 2.796059940 3.771829884
 6.190400571 2.797063906 3.871482797
 6.193879992 2.788590034 3.693650011
 6.197050214 2.775409957 3.614869900
 6.261659786 2.779219998 3.769350005
 6.261989940 2.780363197 3.871482797
 6.263750140 2.771019936 3.689310048
 6.265829783 2.756519942 3.608709900
 6.332970224 2.762150019 3.766709939
 6.333229132 2.763520228 3.871482797
 6.333429832 2.752979985 3.684619907
 6.334289908 2.736930037 3.602130106
 6.402479950 2.716619987 3.595150076
 6.402920000 2.734400099 3.679560032
 6.404180080 2.744740108 3.763909917
 6.404690444 2.746279817 3.871482797
 6.470719818 2.695630072 3.587929998
 6.472410168 2.715270035 3.674260108
 6.475300062 2.726929961 3.761070082
 6.475755479 2.728717402 3.871482797
 6.540319882 2.674069954 3.580660094
 6.542619783 2.695719944 3.668870078
 6.546174176 2.707703272 3.871482797
 6.546350196 2.708869986 3.758260049
 6.617339794 2.690569963 3.755510086
 6.617378909 2.690715482 3.871482797
 6.617540028 2.675110009 3.663779935
 6.776200142 2.615009900 3.606110113
 6.776459981 2.638440114 3.712679958
 6.776549853 2.647029934 3.821199993
 6.776851136 2.647873014 3.871482797
 6.850219797 2.617160091 3.821880091
 6.850594189 2.617888851 3.871482797
 6.852860097 2.606590046 3.716839943
 4.611977376 3.160236636 3.871530294
 4.612150136 3.160350025 3.791539930
 4.613239784 3.161629895 3.719209926
 4.614769947 3.160859924 3.645560006
 4.870274104 3.099583322 3.871482797
 4.870390054 3.099679947 3.790319897
 4.871690180 3.100879956 3.718320047
 4.873500206 3.099829890 3.645289922
 5.128713790 3.039543051 3.871482797
 5.128759891 3.039590083 3.788749920
 5.130209960 3.040410113 3.716849955
 5.132200196 3.038699972 3.644299926
 5.387240089 2.980009886 3.786629997
 5.387277808 2.980040852 3.871482797
 5.388730206 2.979940036 3.714609891
 5.390740000 2.976970049 3.642339958
 5.645799916 2.920790110 3.783690045
 5.645939149 2.920961007 3.871482797
 5.647089798 2.918960061 3.711309982
 5.648829974 2.913780045 3.639050061
 3.323280020 3.474019933 3.637100104
 3.323789919 3.476199927 3.715370083
 3.324006218 3.476437880 3.871482797
 3.324060002 3.476560116 3.793680109
 3.581050085 3.409649944 3.640169976
 3.581067780 3.411005950 3.871482797
 3.581129946 3.411300015 3.717350075
 3.581139958 3.411140060 3.793739947
 3.838508390 3.346817102 3.871482797
 3.838530043 3.346980084 3.793549957
 3.838829929 3.347570077 3.718659980
 3.839199897 3.346340032 3.642499913
 4.096189979 3.283879953 3.793129930
 4.096213263 3.283696948 3.871482797
 4.096770193 3.284819890 3.719389904
 4.097579978 3.283899976 3.644170007
 4.353846423 3.221591003 3.871497232
 4.354069941 3.221709980 3.792470088
 4.354919773 3.222889965 3.719560103
 4.356110003 3.222140018 3.645180026
 2.231670078 3.773119999 3.625799902
 2.233450068 3.777390113 3.708780045
 2.234845422 3.779370105 3.871482797
 2.234899905 3.779360093 3.789640032
 2.501050010 3.693670034 3.629910061
 2.503450029 3.697139909 3.711649915
 2.505595097 3.698344342 3.871482797
 2.505680081 3.698359942 3.791420022
 2.771550091 3.618550021 3.633090062
 2.774609951 3.621219890 3.713629907
 2.777605318 3.621645272 3.871482797
 2.777720103 3.621689975 3.792589996
 3.042380093 3.546480089 3.635440022
 3.046290018 3.548329929 3.714839928
 3.050451400 3.547969274 3.871482797
 3.050599946 3.548040055 3.793309908
 1.442824141 4.079745151 3.871482797
 1.442890032 4.079659935 3.776750062
 1.443390036 4.070220049 3.605020000
 1.443470013 4.075999837 3.691569902
 1.700769993 3.957130015 3.613640089
 1.701439964 3.962719813 3.699100111
 1.701525645 3.966112155 3.871482797
 1.701559988 3.966060001 3.782769898
 1.964279916 3.859390039 3.620509990
 1.965489937 3.864400089 3.704749979
 1.966218231 3.867151216 3.871482797
 1.966249896 3.867120016 3.786939895
 0.938930025 4.335170146 3.762379987
 0.939017802 4.335152451 3.871482797
 0.941940001 4.332459997 3.674949985
 0.943800027 4.328030162 3.587190062
 1.191110001 4.207800142 3.769129980
 1.191249932 4.207774531 3.871482797
 1.192700001 4.204470199 3.682629904
 1.193430042 4.199159797 3.595300019
 -0.261470006 4.660610110 3.590299981
 -0.260450004 4.665960092 3.676840104
 -0.259599998 4.668280017 3.765430069
 -0.259591267 4.668245092 3.871482797
 -0.026381000 4.615900107 3.587950021
 -0.024626001 4.620220046 3.674590029
 -0.023027000 4.621800035 3.763080109
 -0.022891742 4.621740896 3.871482797
 0.207439996 4.565650132 3.585820086
 0.209959995 4.568920005 3.672679886
 0.212336512 4.569711629 3.871482797
 0.212379993 4.569729790 3.761020023
 0.439110008 4.508240148 3.584210062
 0.442549994 4.510410130 3.671450075
 0.445832527 4.510409664 3.871568944
 0.446049991 4.510370083 3.759569954
 0.674550014 4.437520169 3.583299927
 0.675869989 4.439750221 3.671309911
 0.676719996 4.440249875 3.759359941
 0.676807482 4.440219142 3.871482797
 -4.489199724 4.987381864 3.591008019
 -4.489089828 4.990148358 3.871482797
 -4.489039071 4.989025649 3.708973993
 -4.371820018 4.981270060 3.590770066
 -4.371685907 4.985011648 3.871482797
 -4.371630028 4.983920138 3.709049895
 -4.104092252 4.974688869 3.871482797
 -4.104020074 4.973790143 3.726450028
 -4.099559970 4.969810136 3.613959998
 -3.836190095 4.964939784 3.740820102
 -3.836141666 4.965669941 3.871482797
 -3.833889961 4.960129969 3.632199951
 -3.568199929 4.956750199 3.752439981
 -3.568169195 4.957328085 3.871482797
 -3.567320062 4.951289855 3.647489939
 -3.300420009 4.942649975 3.659829963
 -3.300195793 4.949016962 3.871482797
 -3.300110111 4.948560148 3.761490108
 -3.033319954 4.933529999 3.669470083
 -3.031980013 4.939690232 3.768230090
 -3.031934844 4.940040875 3.871482797
 -2.768839942 4.913270008 3.581519937
 -2.766140038 4.923310131 3.676780034
 -2.763839904 4.929529969 3.772990080
 -2.763720229 4.929782823 3.871482797
 -2.502500080 4.901220091 3.588950029
 -2.499049995 4.911370110 3.682059934
 -2.495893976 4.917634651 3.871482797
 -2.495770110 4.917449784 3.776039928
 -2.236260101 4.886869807 3.594209906
 -2.232119907 4.896889906 3.685500007
 -2.227896592 4.902764689 3.871482797
 -2.227809979 4.902639892 3.777550068
 -1.971079968 4.869789816 3.597829957
 -1.965950010 4.879429936 3.687540069
 -1.960096648 4.884695634 3.871482797
 -1.960060094 4.884620197 3.777879989
 -1.692580758 4.862826318 3.871482797
 -1.692579943 4.862789996 3.777269972
 -1.692519989 4.857710097 3.688649973
 -1.692419988 4.848119803 3.600399941
 -1.452620025 4.839329980 3.776099999
 -1.452611759 4.839343019 3.871482797
 -1.449440024 4.834129941 3.687439952
 -1.446770038 4.824670032 3.599750111
 -1.213019947 4.812359810 3.774479963
 -1.212900388 4.812336992 3.871482797
 -1.210900024 4.807579797 3.685799893
 -1.209089998 4.798749927 3.598560113
 -0.973913877 4.781886004 3.871482797
 -0.973850023 4.781899974 3.772499971
 -0.972540001 4.777629860 3.683819901
 -0.971429981 4.769539926 3.596900031
 -0.735160022 4.747880157 3.770269919
 -0.735101232 4.747841507 3.871482797
 -0.734589994 4.744200036 3.681590082
 -0.734189991 4.736950155 3.594910027
 -0.497479981 4.700770136 3.592669964
 -0.497179979 4.707099870 3.679230111
 -0.497157220 4.710105713 3.871482797
 -0.497039990 4.710120149 3.767879913

