  -1.6925800e+01   4.9708900e+01   3.7772700e+01
  -1.6925200e+01   4.9803600e+01   3.6886500e+01
  -1.6924200e+01   4.9834100e+01   3.6004000e+01
  -1.6923300e+01   4.9802600e+01   3.5127200e+01
  -1.6922900e+01   4.9710200e+01   3.4257600e+01
  -1.6923400e+01   4.9556500e+01   3.3397200e+01
  -1.6925800e+01   4.9339200e+01   3.2548700e+01
  -1.6931600e+01   4.9047400e+01   3.1718100e+01
  -1.6943600e+01   4.8663200e+01   3.0917600e+01
  -1.6964000e+01   4.8162700e+01   3.0168400e+01
  -1.6989000e+01   4.7543500e+01   2.9486100e+01
  -1.4526200e+01   4.9587800e+01   3.7761000e+01
  -1.4494400e+01   4.9659200e+01   3.6874400e+01
  -1.4467700e+01   4.9679500e+01   3.5997500e+01
  -1.4448500e+01   4.9637300e+01   3.5127000e+01
  -1.4437000e+01   4.9530600e+01   3.4263900e+01
  -1.4433100e+01   4.9356600e+01   3.3410700e+01
  -1.4437000e+01   4.9110500e+01   3.2572000e+01
  -1.4449900e+01   4.8782900e+01   3.1754800e+01
  -1.4474900e+01   4.8361600e+01   3.0970400e+01
  -1.4514800e+01   4.7833200e+01   3.0237200e+01
  -1.4567700e+01   4.7221100e+01   2.9580900e+01
  -1.2130200e+01   4.9429200e+01   3.7744800e+01
  -1.2109000e+01   4.9483500e+01   3.6858000e+01
  -1.2090900e+01   4.9494200e+01   3.5985600e+01
  -1.2078200e+01   4.9441400e+01   3.5120000e+01
  -1.2070500e+01   4.9320100e+01   3.4261900e+01
  -1.2067200e+01   4.9125100e+01   3.3414400e+01
  -1.2067400e+01   4.8848900e+01   3.2583700e+01
  -1.2072200e+01   4.8483400e+01   3.1778100e+01
  -1.2085100e+01   4.8021700e+01   3.1008100e+01
  -1.2110100e+01   4.7460000e+01   3.0289100e+01
  -1.2148600e+01   4.6839100e+01   2.9650400e+01
  -9.7385000e+00   4.9231900e+01   3.7725000e+01
  -9.7254000e+00   4.9271700e+01   3.6838200e+01
  -9.7143000e+00   4.9271600e+01   3.5969000e+01
  -9.7070000e+00   4.9206600e+01   3.5107100e+01
  -9.7025000e+00   4.9069000e+01   3.4252600e+01
  -9.6994000e+00   4.8851600e+01   3.3409400e+01
  -9.6960000e+00   4.8543700e+01   3.2585300e+01
  -9.6932000e+00   4.8138800e+01   3.1789800e+01
  -9.6949000e+00   4.7635100e+01   3.1032500e+01
  -9.7061000e+00   4.7037700e+01   3.0325700e+01
  -9.7324000e+00   4.6398800e+01   2.9697400e+01
  -7.3516000e+00   4.8994100e+01   3.7702700e+01
  -7.3459000e+00   4.9021700e+01   3.6815900e+01
  -7.3419000e+00   4.9009900e+01   3.5949100e+01
  -7.3399000e+00   4.8931500e+01   3.5089500e+01
  -7.3386000e+00   4.8776600e+01   3.4237200e+01
  -7.3358000e+00   4.8535500e+01   3.3396900e+01
  -7.3288000e+00   4.8194800e+01   3.2577800e+01
  -7.3183000e+00   4.7749100e+01   3.1791000e+01
  -7.3086000e+00   4.7202100e+01   3.1044800e+01
  -7.3058000e+00   4.6566300e+01   3.0348300e+01
  -7.3200000e+00   4.5901700e+01   2.9724500e+01
  -4.9704000e+00   4.8712400e+01   3.7678800e+01
  -4.9718000e+00   4.8729800e+01   3.6792300e+01
  -4.9748000e+00   4.8706100e+01   3.5926700e+01
  -4.9783000e+00   4.8613600e+01   3.5068100e+01
  -4.9803000e+00   4.8440600e+01   3.4216700e+01
  -4.9777000e+00   4.8175200e+01   3.3377700e+01
  -4.9672000e+00   4.7801000e+01   3.2562100e+01
  -4.9488000e+00   4.7313500e+01   3.1782400e+01
  -4.9276000e+00   4.6721900e+01   3.1045800e+01
  -4.9107000e+00   4.6045400e+01   3.0357800e+01
  -4.9123000e+00   4.5348600e+01   2.9733900e+01
  -2.5960000e+00   4.8382000e+01   3.7654300e+01
  -2.6045000e+00   4.8391100e+01   3.6768400e+01
  -2.6147000e+00   4.8355800e+01   3.5903000e+01
  -2.6238000e+00   4.8249100e+01   3.5044100e+01
  -2.6291000e+00   4.8057800e+01   3.4192100e+01
  -2.6271000e+00   4.7768100e+01   3.3352600e+01
  -2.6130000e+00   4.7359900e+01   3.2539000e+01
  -2.5868000e+00   4.6830000e+01   3.1764800e+01
  -2.5540000e+00   4.6192900e+01   3.1036400e+01
  -2.5227000e+00   4.5473900e+01   3.0355100e+01
  -2.5107000e+00   4.4739300e+01   2.9727800e+01
  -2.3027000e-01   4.7995700e+01   3.7630800e+01
  -2.4626000e-01   4.7998700e+01   3.6745900e+01
  -2.6381000e-01   4.7952500e+01   3.5879500e+01
  -2.7872000e-01   4.7832000e+01   3.5018800e+01
  -2.8766000e-01   4.7623100e+01   3.4164500e+01
  -2.8638000e-01   4.7309700e+01   3.3322900e+01
  -2.6893000e-01   4.6867700e+01   3.2509400e+01
  -2.3487000e-01   4.6295200e+01   3.1739200e+01
  -1.9043000e-01   4.5612100e+01   3.1017300e+01
  -1.4453000e-01   4.4849200e+01   3.0341200e+01
  -1.1712000e-01   4.4071700e+01   2.9708300e+01
   2.1238000e+00   4.7542000e+01   3.7610200e+01
   2.0996000e+00   4.7541500e+01   3.6726800e+01
   2.0744000e+00   4.7485800e+01   3.5858200e+01
   2.0534000e+00   4.7352700e+01   3.4994000e+01
   2.0406000e+00   4.7127200e+01   3.4135700e+01
   2.0407000e+00   4.6791500e+01   3.3290100e+01
   2.0613000e+00   4.6316600e+01   3.2474700e+01
   2.1031000e+00   4.5701800e+01   3.1706700e+01
   2.1590000e+00   4.4972900e+01   3.0989900e+01
   2.2197000e+00   4.4165200e+01   3.0317400e+01
   2.2652000e+00   4.3339800e+01   2.9678300e+01
   4.4605000e+00   4.7002200e+01   3.7595700e+01
   4.4255000e+00   4.7001700e+01   3.6714500e+01
   4.3911000e+00   4.6939100e+01   3.5842100e+01
   4.3627000e+00   4.6795700e+01   3.4972700e+01
   4.3449000e+00   4.6555800e+01   3.4108600e+01
   4.3432000e+00   4.6199800e+01   3.3256800e+01
   4.3667000e+00   4.5693300e+01   3.2437300e+01
   4.4165000e+00   4.5036600e+01   3.1669800e+01
   4.4847000e+00   4.4261700e+01   3.0956400e+01
   4.5613000e+00   4.3408500e+01   3.0285900e+01
   4.6301000e+00   4.2528800e+01   2.9641300e+01
   6.7672000e+00   4.6338600e+01   3.7593600e+01
   6.7587000e+00   4.6327100e+01   3.6713100e+01
   6.7455000e+00   4.6248000e+01   3.5833000e+01
   6.7316000e+00   4.6087400e+01   3.4954400e+01
   6.7217000e+00   4.5829200e+01   3.4080600e+01
   6.7219000e+00   4.5452800e+01   3.3218900e+01
   6.7431000e+00   4.4916900e+01   3.2392600e+01
   6.7869000e+00   4.4223600e+01   3.1624000e+01
   6.8444000e+00   4.3412100e+01   3.0914300e+01
   6.9054000e+00   4.2526900e+01   3.0247500e+01
   6.9632000e+00   4.1603500e+01   2.9604400e+01
