   6.7594600e+01   1.5295600e+01   3.8030500e+01
   6.7611000e+01   1.5333400e+01   3.7007800e+01
   6.7643200e+01   1.5473900e+01   3.5996400e+01
   6.7670100e+01   1.5807000e+01   3.5029800e+01
   6.7686900e+01   1.6240500e+01   3.4103100e+01
   6.7696400e+01   1.6764900e+01   3.3224600e+01
   6.7701700e+01   1.7368100e+01   3.2398100e+01
   6.7705600e+01   1.8039900e+01   3.1629400e+01
   6.7710300e+01   1.8824600e+01   3.0972800e+01
   6.7715900e+01   1.9709700e+01   3.0463700e+01
   6.7722300e+01   2.0686000e+01   3.0169500e+01
   6.8414900e+01   1.5454600e+01   3.8045300e+01
   6.8480600e+01   1.5515800e+01   3.7089800e+01
   6.8556400e+01   1.5670500e+01   3.6141600e+01
   6.8622300e+01   1.5997600e+01   3.5232700e+01
   6.8672300e+01   1.6418100e+01   3.4359000e+01
   6.8707200e+01   1.6922500e+01   3.3527700e+01
   6.8728900e+01   1.7499000e+01   3.2742000e+01
   6.8740100e+01   1.8138700e+01   3.2007500e+01
   6.8743100e+01   1.8880600e+01   3.1373000e+01
   6.8738400e+01   1.9714500e+01   3.0871800e+01
   6.8726400e+01   2.0623000e+01   3.0568500e+01
   6.9202800e+01   1.5749600e+01   3.8064200e+01
   6.9270800e+01   1.5820700e+01   3.7178700e+01
   6.9349600e+01   1.5976400e+01   3.6298900e+01
   6.9422100e+01   1.6285600e+01   3.5454300e+01
   6.9482400e+01   1.6682000e+01   3.4642600e+01
   6.9529900e+01   1.7156200e+01   3.3870300e+01
   6.9566300e+01   1.7696700e+01   3.3140400e+01
   6.9594200e+01   1.8295400e+01   3.2458200e+01
   6.9615900e+01   1.8986400e+01   3.1867300e+01
   6.9632000e+01   1.9760700e+01   3.1398500e+01
   6.9642300e+01   2.0595200e+01   3.1112600e+01
   6.9958600e+01   1.6128600e+01   3.8086900e+01
   7.0030100e+01   1.6202800e+01   3.7277000e+01
   7.0112700e+01   1.6352100e+01   3.6472100e+01
   7.0191900e+01   1.6636400e+01   3.5698500e+01
   7.0261700e+01   1.7001600e+01   3.4955000e+01
   7.0320100e+01   1.7438400e+01   3.4248000e+01
   7.0368100e+01   1.7935500e+01   3.3579900e+01
   7.0408200e+01   1.8485800e+01   3.2956100e+01
   7.0443400e+01   1.9118300e+01   3.2414700e+01
   7.0474100e+01   1.9825800e+01   3.1984300e+01
   7.0499800e+01   2.0581500e+01   3.1721200e+01
   7.0704000e+01   1.6536800e+01   3.8111700e+01
   7.0776700e+01   1.6610000e+01   3.7379400e+01
   7.0860300e+01   1.6749100e+01   3.6652100e+01
   7.0943300e+01   1.7005300e+01   3.5952200e+01
   7.1019500e+01   1.7336100e+01   3.5280000e+01
   7.1085400e+01   1.7732700e+01   3.4641200e+01
   7.1141700e+01   1.8184000e+01   3.4038300e+01
   7.1190800e+01   1.8683400e+01   3.3476100e+01
   7.1236000e+01   1.9255600e+01   3.2987800e+01
   7.1277800e+01   1.9894300e+01   3.2599300e+01
   7.1315300e+01   2.0571700e+01   3.2362100e+01
   7.1438900e+01   1.6966300e+01   3.8138800e+01
   7.1510000e+01   1.7036400e+01   3.7486300e+01
   7.1591300e+01   1.7162700e+01   3.6839000e+01
   7.1674800e+01   1.7388600e+01   3.6215500e+01
   7.1754100e+01   1.7682800e+01   3.5617100e+01
   7.1824400e+01   1.8036900e+01   3.5049200e+01
   7.1885600e+01   1.8440000e+01   3.4514000e+01
   7.1940300e+01   1.8886100e+01   3.4015900e+01
   7.1992000e+01   1.9395400e+01   3.3583200e+01
   7.2041400e+01   1.9963100e+01   3.3239400e+01
   7.2087300e+01   2.0561800e+01   3.3030000e+01
   7.2160200e+01   1.7411800e+01   3.8168700e+01
   7.2226400e+01   1.7476600e+01   3.7598400e+01
   7.2301800e+01   1.7587900e+01   3.7033900e+01
   7.2382200e+01   1.7781400e+01   3.6489400e+01
   7.2460800e+01   1.8036800e+01   3.5967600e+01
   7.2531400e+01   1.8346300e+01   3.5473400e+01
   7.2593600e+01   1.8699300e+01   3.5008700e+01
   7.2649800e+01   1.9090000e+01   3.4577500e+01
   7.2703900e+01   1.9534500e+01   3.4203300e+01
   7.2756600e+01   2.0029300e+01   3.3906900e+01
   7.2806700e+01   2.0549100e+01   3.3727700e+01
   7.2857000e+01   1.7876600e+01   3.8203000e+01
   7.2914400e+01   1.7933400e+01   3.7718700e+01
   7.2979500e+01   1.8026500e+01   3.7240300e+01
   7.3052000e+01   1.8184900e+01   3.6778600e+01
   7.3125000e+01   1.8398700e+01   3.6337100e+01
   7.3191000e+01   1.8661000e+01   3.5920400e+01
   7.3248800e+01   1.8961000e+01   3.5530200e+01
   7.3300900e+01   1.9293500e+01   3.5169900e+01
   7.3351500e+01   1.9670500e+01   3.4858500e+01
   7.3401300e+01   2.0089600e+01   3.4613800e+01
   7.3449100e+01   2.0529500e+01   3.4468700e+01
   7.3502500e+01   1.8377800e+01   3.8247900e+01
   7.3543200e+01   1.8420600e+01   3.7857000e+01
   7.3589500e+01   1.8489600e+01   3.7471800e+01
   7.3645300e+01   1.8607000e+01   3.7099700e+01
   7.3703700e+01   1.8773800e+01   3.6745300e+01
   7.3755600e+01   1.8983400e+01   3.6412700e+01
   7.3799200e+01   1.9225200e+01   3.6103400e+01
   7.3837300e+01   1.9494400e+01   3.5820200e+01
   7.3874300e+01   1.9798900e+01   3.5577300e+01
   7.3911200e+01   2.0137600e+01   3.5389900e+01
   7.3947000e+01   2.0494000e+01   3.5283700e+01
   7.4024900e+01   1.8958300e+01   3.8316200e+01
   7.4037600e+01   1.8977400e+01   3.8022900e+01
   7.4054000e+01   1.9012000e+01   3.7734300e+01
   7.4083000e+01   1.9078400e+01   3.7455200e+01
   7.4117600e+01   1.9187900e+01   3.7191400e+01
   7.4147400e+01   1.9334800e+01   3.6947000e+01
   7.4170200e+01   1.9508500e+01   3.6722900e+01
   7.4189000e+01   1.9704500e+01   3.6521500e+01
   7.4208700e+01   1.9926800e+01   3.6352000e+01
   7.4230200e+01   2.0175400e+01   3.6226900e+01
   7.4253200e+01   2.0440200e+01   3.6164200e+01
   7.4389300e+01   1.9615700e+01   3.8374800e+01
   7.4392300e+01   1.9616800e+01   3.8207200e+01
   7.4395300e+01   1.9617900e+01   3.8039700e+01
   7.4412000e+01   1.9629900e+01   3.7873600e+01
   7.4434900e+01   1.9675500e+01   3.7714600e+01
   7.4451900e+01   1.9750200e+01   3.7565700e+01
   7.4460400e+01   1.9844100e+01   3.7427300e+01
   7.4463500e+01   1.9953700e+01   3.7300800e+01
   7.4466500e+01   2.0079900e+01   3.7190900e+01
   7.4470900e+01   2.0224500e+01   3.7107300e+01
   7.4476900e+01   2.0384800e+01   3.7061100e+01
