  -1.6885200e+01   3.9100600e+01   2.1662500e+01
  -1.6889300e+01   3.6084300e+01   2.1324000e+01
  -1.6883500e+01   3.3058300e+01   2.1123500e+01
  -1.6873600e+01   3.0044000e+01   2.0953600e+01
  -1.6873600e+01   2.7039800e+01   2.0865100e+01
  -1.6886000e+01   2.4048400e+01   2.0879900e+01
  -1.6887200e+01   2.1074600e+01   2.0976000e+01
  -1.6851100e+01   1.8121000e+01   2.1140900e+01
  -1.6786700e+01   1.5188700e+01   2.1338700e+01
  -1.6777400e+01   1.2273500e+01   2.1474100e+01
  -1.6768100e+01   9.3760000e+00   2.1595200e+01
  -1.4382200e+01   3.8426900e+01   2.1698800e+01
  -1.4394900e+01   3.5490800e+01   2.1417600e+01
  -1.4395700e+01   3.2524400e+01   2.1245300e+01
  -1.4394900e+01   2.9603500e+01   2.1010300e+01
  -1.4372100e+01   2.6678100e+01   2.0878000e+01
  -1.4347800e+01   2.3746500e+01   2.0903000e+01
  -1.4327900e+01   2.0826200e+01   2.1036400e+01
  -1.4295200e+01   1.7924100e+01   2.1254300e+01
  -1.4254400e+01   1.5042500e+01   2.1507100e+01
  -1.4259000e+01   1.2170900e+01   2.1666600e+01
  -1.4263700e+01   9.3269000e+00   2.1807200e+01
  -1.1903600e+01   3.7631500e+01   2.1709200e+01
  -1.1923100e+01   3.4782500e+01   2.1486100e+01
  -1.1928700e+01   3.1888600e+01   2.1343200e+01
  -1.1935000e+01   2.9074100e+01   2.1044100e+01
  -1.1887300e+01   2.6240400e+01   2.0869200e+01
  -1.1823800e+01   2.3381500e+01   2.0905600e+01
  -1.1780300e+01   2.0527500e+01   2.1077300e+01
  -1.1748200e+01   1.7689700e+01   2.1349600e+01
  -1.1727900e+01   1.4871500e+01   2.1658700e+01
  -1.1743300e+01   1.2056300e+01   2.1843400e+01
  -1.1758500e+01   9.2758000e+00   2.2005100e+01
  -9.4497000e+00   3.6728000e+01   2.1699000e+01
  -9.4732000e+00   3.3971600e+01   2.1534100e+01
  -9.4812000e+00   3.1161600e+01   2.1421700e+01
  -9.4922000e+00   2.8465300e+01   2.1058500e+01
  -9.4170000e+00   2.5734900e+01   2.0841400e+01
  -9.3118000e+00   2.2960200e+01   2.0889900e+01
  -9.2422000e+00   2.0184000e+01   2.1100600e+01
  -9.2081000e+00   1.7422000e+01   2.1427800e+01
  -9.2058000e+00   1.4679000e+01   2.1794000e+01
  -9.2295000e+00   1.1931600e+01   2.2004400e+01
  -9.2528000e+00   9.2233000e+00   2.2188100e+01
  -7.0203000e+00   3.5728700e+01   2.1673500e+01
  -7.0451000e+00   3.3069700e+01   2.1566600e+01
  -7.0528000e+00   3.0353700e+01   2.1484900e+01
  -7.0662000e+00   2.7786100e+01   2.1056900e+01
  -6.9610000e+00   2.5169300e+01   2.0797200e+01
  -6.8115000e+00   2.2489100e+01   2.0857800e+01
  -6.7132000e+00   1.9801100e+01   2.1107500e+01
  -6.6747000e+00   1.7125400e+01   2.1489500e+01
  -6.6880000e+00   1.4467700e+01   2.1913000e+01
  -6.7176000e+00   1.1798600e+01   2.2148600e+01
  -6.7465000e+00   9.1700000e+00   2.2354700e+01
  -4.6149000e+00   3.4645200e+01   2.1637800e+01
  -4.6382000e+00   3.2087600e+01   2.1587900e+01
  -4.6433000e+00   2.9474400e+01   2.1536600e+01
  -4.6568000e+00   2.7045100e+01   2.1042100e+01
  -4.5190000e+00   2.4551200e+01   2.0738700e+01
  -4.3227000e+00   2.1974700e+01   2.0810600e+01
  -4.1933000e+00   1.9384100e+01   2.1098400e+01
  -4.1480000e+00   1.6803800e+01   2.1534500e+01
  -4.1744000e+00   1.4240900e+01   2.2014700e+01
  -4.2074000e+00   1.1659100e+01   2.2274400e+01
  -4.2397000e+00   9.1167000e+00   2.2502400e+01
  -2.2325000e+00   3.3488000e+01   2.1597300e+01
  -2.2516000e+00   3.1035000e+01   2.1602700e+01
  -2.2517000e+00   2.8532600e+01   2.1580700e+01
  -2.2633000e+00   2.6250100e+01   2.1017000e+01
  -2.0904000e+00   2.3887400e+01   2.0667800e+01
  -1.8447000e+00   2.1422700e+01   2.0749500e+01
  -1.6820000e+00   1.8937700e+01   2.1073700e+01
  -1.6275000e+00   1.6461000e+01   2.1562300e+01
  -1.6649000e+00   1.4001100e+01   2.2097700e+01
  -1.6991000e+00   1.1514800e+01   2.2379500e+01
  -1.7324000e+00   9.0642000e+00   2.2628100e+01
   1.2797000e-01   3.2267700e+01   2.1558500e+01
   1.1561000e-01   2.9921800e+01   2.1616700e+01
   1.2276000e-01   2.7537100e+01   2.1621700e+01
   1.1502000e-01   2.5409200e+01   2.0984600e+01
   3.2532000e-01   2.3184900e+01   2.0586500e+01
   6.2279000e-01   2.0839100e+01   2.0675200e+01
   8.2112000e-01   1.8466800e+01   2.1033100e+01
   8.8690000e-01   1.6101100e+01   2.1571300e+01
   8.4070000e-01   1.3751500e+01   2.2159500e+01
   8.0754000e-01   1.1367800e+01   2.2460100e+01
   7.7523000e-01   9.0136000e+00   2.2727000e+01
   2.4680000e+00   3.0994700e+01   2.1529600e+01
   2.4649000e+00   2.8758000e+01   2.1636400e+01
   2.4814000e+00   2.6496700e+01   2.1664800e+01
   2.4792000e+00   2.4530200e+01   2.0948600e+01
   2.7291000e+00   2.2450700e+01   2.0496500e+01
   3.0807000e+00   2.0229900e+01   2.0588200e+01
   3.3167000e+00   1.7976700e+01   2.0975200e+01
   3.3958000e+00   1.5728200e+01   2.1558700e+01
   3.3426000e+00   1.3495300e+01   2.2195600e+01
   3.3125000e+00   1.1220500e+01   2.2510000e+01
   3.2832000e+00   8.9664000e+00   2.2791400e+01
   4.7898000e+00   2.9680500e+01   2.1523500e+01
   4.7982000e+00   2.7554300e+01   2.1672300e+01
   4.8258000e+00   2.5421500e+01   2.1717800e+01
   4.8305000e+00   2.3622400e+01   2.0913800e+01
   5.1221000e+00   2.1693200e+01   2.0400000e+01
   5.5298000e+00   1.9602800e+01   2.0487700e+01
   5.8054000e+00   1.7474000e+01   2.0896700e+01
   5.8995000e+00   1.5348000e+01   2.1518600e+01
   5.8408000e+00   1.3237500e+01   2.2197500e+01
   5.8156000e+00   1.1076800e+01   2.2518100e+01
   5.7909000e+00   8.9259000e+00   2.2807300e+01
   7.0969000e+00   2.8340600e+01   2.1565300e+01
   7.1195000e+00   2.6325100e+01   2.1743800e+01
   7.1603000e+00   2.4324500e+01   2.1794400e+01
   7.1732000e+00   2.2697800e+01   2.0887700e+01
   7.5082000e+00   2.0923400e+01   2.0298800e+01
   7.9738000e+00   1.8967700e+01   2.0369800e+01
   8.2901000e+00   1.6968000e+01   2.0788000e+01
   8.4001000e+00   1.4969400e+01   2.1435300e+01
   8.3363000e+00   1.2986000e+01   2.2143800e+01
   8.3165000e+00   1.0944300e+01   2.2457000e+01
   8.2967000e+00   8.8992000e+00   2.2741700e+01
