  -4.3823300e+01   4.8433800e+01   2.5385900e+01
  -4.3840000e+01   4.7843000e+01   2.4019000e+01
  -4.3846000e+01   4.7053600e+01   2.2757400e+01
  -4.3828200e+01   4.6008600e+01   2.1701000e+01
  -4.3790100e+01   4.4770600e+01   2.0877400e+01
  -4.3742200e+01   4.3411000e+01   2.0270500e+01
  -4.3701200e+01   4.1997600e+01   1.9800400e+01
  -4.3683800e+01   4.0551200e+01   1.9440400e+01
  -4.3701000e+01   3.9091100e+01   1.9140900e+01
  -4.3754600e+01   3.7622800e+01   1.8888400e+01
  -4.3821700e+01   3.6147600e+01   1.8684200e+01
  -4.1215000e+01   4.8137600e+01   2.6141300e+01
  -4.1159800e+01   4.7642200e+01   2.4963400e+01
  -4.1113100e+01   4.6944600e+01   2.3783000e+01
  -4.1066100e+01   4.6024800e+01   2.2737800e+01
  -4.1021800e+01   4.4928600e+01   2.1874900e+01
  -4.0989900e+01   4.3712700e+01   2.1191200e+01
  -4.0984100e+01   4.2429900e+01   2.0635100e+01
  -4.1017400e+01   4.1103600e+01   2.0182900e+01
  -4.1096500e+01   3.9756500e+01   1.9799700e+01
  -4.1214800e+01   3.8415600e+01   1.9476900e+01
  -4.1316900e+01   3.7181900e+01   1.9233400e+01
  -3.8578000e+01   4.7875500e+01   2.6804200e+01
  -3.8552400e+01   4.7441300e+01   2.5744800e+01
  -3.8532300e+01   4.6811500e+01   2.4611100e+01
  -3.8509700e+01   4.5987500e+01   2.3561700e+01
  -3.8486700e+01   4.5005000e+01   2.2659000e+01
  -3.8471300e+01   4.3908200e+01   2.1911800e+01
  -3.8475000e+01   4.2739100e+01   2.1289200e+01
  -3.8508300e+01   4.1521500e+01   2.0772500e+01
  -3.8575500e+01   4.0282700e+01   2.0337500e+01
  -3.8666400e+01   3.9065700e+01   1.9979800e+01
  -3.8722100e+01   3.8002900e+01   1.9722300e+01
  -3.5917900e+01   4.7640500e+01   2.7380200e+01
  -3.5908100e+01   4.7248200e+01   2.6418100e+01
  -3.5900900e+01   4.6672500e+01   2.5327900e+01
  -3.5889900e+01   4.5927600e+01   2.4279100e+01
  -3.5876600e+01   4.5040900e+01   2.3345500e+01
  -3.5868300e+01   4.4045300e+01   2.2546300e+01
  -3.5874600e+01   4.2972700e+01   2.1866800e+01
  -3.5903900e+01   4.1846300e+01   2.1295000e+01
  -3.5958600e+01   4.0696300e+01   2.0815200e+01
  -3.6027200e+01   3.9575500e+01   2.0426500e+01
  -3.6059800e+01   3.8617100e+01   2.0151200e+01
  -3.3239400e+01   4.7425600e+01   2.7873700e+01
  -3.3241800e+01   4.7053700e+01   2.6987200e+01
  -3.3243900e+01   4.6514100e+01   2.5932900e+01
  -3.3239900e+01   4.5829100e+01   2.4885700e+01
  -3.3231300e+01   4.5018700e+01   2.3926900e+01
  -3.3224500e+01   4.4104800e+01   2.3084900e+01
  -3.3227800e+01   4.3110600e+01   2.2357300e+01
  -3.3247900e+01   4.2056500e+01   2.1739700e+01
  -3.3285600e+01   4.0974500e+01   2.1223300e+01
  -3.3331100e+01   3.9922200e+01   2.0809600e+01
  -3.3348100e+01   3.9023700e+01   2.0519000e+01
  -3.0547000e+01   4.7223300e+01   2.8290800e+01
  -3.0559100e+01   4.6852600e+01   2.7460500e+01
  -3.0568600e+01   4.6332500e+01   2.6434100e+01
  -3.0569000e+01   4.5690900e+01   2.5389100e+01
  -3.0562100e+01   4.4940200e+01   2.4410500e+01
  -3.0553600e+01   4.4091200e+01   2.3533600e+01
  -3.0550800e+01   4.3158600e+01   2.2766200e+01
  -3.0558900e+01   4.2159200e+01   2.2111400e+01
  -3.0578200e+01   4.1125400e+01   2.1565900e+01
  -3.0601100e+01   4.0115600e+01   2.1133400e+01
  -3.0607300e+01   3.9244300e+01   2.0831100e+01
  -2.7844600e+01   4.7025600e+01   2.8640600e+01
  -2.7866000e+01   4.6637100e+01   2.7846800e+01
  -2.7882500e+01   4.6120700e+01   2.6840200e+01
  -2.7886300e+01   4.5508100e+01   2.5797100e+01
  -2.7879400e+01   4.4802700e+01   2.4803200e+01
  -2.7867700e+01   4.4004100e+01   2.3898000e+01
  -2.7857400e+01   4.3118200e+01   2.3097900e+01
  -2.7852600e+01   4.2157100e+01   2.2413700e+01
  -2.7853200e+01   4.1152900e+01   2.1846200e+01
  -2.7854400e+01   4.0161900e+01   2.1400600e+01
  -2.7851500e+01   3.9291700e+01   2.1090700e+01
  -2.5135200e+01   4.6825300e+01   2.8929200e+01
  -2.5167900e+01   4.6398300e+01   2.8150700e+01
  -2.5192400e+01   4.5870100e+01   2.7155500e+01
  -2.5199800e+01   4.5273700e+01   2.6114200e+01
  -2.5193000e+01   4.4601200e+01   2.5108600e+01
  -2.5177800e+01   4.3840100e+01   2.4181200e+01
  -2.5159900e+01   4.2987800e+01   2.3354800e+01
  -2.5142600e+01   4.2050200e+01   2.2648400e+01
  -2.5125100e+01   4.1058500e+01   2.2065900e+01
  -2.5105300e+01   4.0065200e+01   2.1613400e+01
  -2.5092600e+01   3.9172400e+01   2.1299700e+01
  -2.2421200e+01   4.6614200e+01   2.9160500e+01
  -2.2469800e+01   4.6129800e+01   2.8372400e+01
  -2.2504100e+01   4.5581200e+01   2.7381200e+01
  -2.2516000e+01   4.4995100e+01   2.6342100e+01
  -2.2509900e+01   4.4348800e+01   2.5329000e+01
  -2.2492300e+01   4.3616500e+01   2.4385300e+01
  -2.2468300e+01   4.2787000e+01   2.3538700e+01
  -2.2440400e+01   4.1858500e+01   2.2817800e+01
  -2.2407100e+01   4.0862200e+01   2.2227600e+01
  -2.2367700e+01   3.9843900e+01   2.1775400e+01
  -2.2340300e+01   3.8899200e+01   2.1462000e+01
  -1.9705200e+01   4.6385500e+01   2.9344100e+01
  -1.9787600e+01   4.5757200e+01   2.8515100e+01
  -1.9842600e+01   4.5131800e+01   2.7522400e+01
  -1.9867000e+01   4.4516900e+01   2.6487500e+01
  -1.9867400e+01   4.3872000e+01   2.5471300e+01
  -1.9850600e+01   4.3156500e+01   2.4516900e+01
  -1.9821300e+01   4.2351300e+01   2.3655700e+01
  -1.9781700e+01   4.1444800e+01   2.2927600e+01
  -1.9729100e+01   4.0468300e+01   2.2336900e+01
  -1.9663200e+01   3.9456800e+01   2.1892700e+01
  -1.9602400e+01   3.8485500e+01   2.1581900e+01
  -1.6989000e+01   4.7543500e+01   2.9486100e+01
  -1.7005300e+01   4.6881500e+01   2.8566900e+01
  -1.6990200e+01   4.6297800e+01   2.7567100e+01
  -1.6960800e+01   4.5736300e+01   2.6537100e+01
  -1.6928300e+01   4.5132000e+01   2.5521200e+01
  -1.6901200e+01   4.4426800e+01   2.4561700e+01
  -1.6884000e+01   4.3594900e+01   2.3691900e+01
  -1.6878200e+01   4.2612200e+01   2.2967000e+01
  -1.6878500e+01   4.1516800e+01   2.2386800e+01
  -1.6881800e+01   4.0332900e+01   2.1964500e+01
  -1.6885200e+01   3.9100600e+01   2.1662500e+01
