  -1.6989000e+01   4.7543500e+01   2.9486100e+01
  -1.7005300e+01   4.6881500e+01   2.8566900e+01
  -1.6990200e+01   4.6297800e+01   2.7567100e+01
  -1.6960800e+01   4.5736300e+01   2.6537100e+01
  -1.6928300e+01   4.5132000e+01   2.5521200e+01
  -1.6901200e+01   4.4426800e+01   2.4561700e+01
  -1.6884000e+01   4.3594900e+01   2.3691900e+01
  -1.6878200e+01   4.2612200e+01   2.2967000e+01
  -1.6878500e+01   4.1516800e+01   2.2386800e+01
  -1.6881800e+01   4.0332900e+01   2.1964500e+01
  -1.6885200e+01   3.9100600e+01   2.1662500e+01
  -1.4567700e+01   4.7221100e+01   2.9580900e+01
  -1.4625200e+01   4.6566500e+01   2.8672800e+01
  -1.4643900e+01   4.5947400e+01   2.7636800e+01
  -1.4637900e+01   4.5338900e+01   2.6570900e+01
  -1.4616900e+01   4.4681600e+01   2.5528100e+01
  -1.4587600e+01   4.3919500e+01   2.4557000e+01
  -1.4554400e+01   4.3029700e+01   2.3692100e+01
  -1.4519000e+01   4.1997000e+01   2.2976600e+01
  -1.4477200e+01   4.0856800e+01   2.2406800e+01
  -1.4427300e+01   3.9639100e+01   2.1988900e+01
  -1.4382200e+01   3.8426900e+01   2.1698800e+01
  -1.2148600e+01   4.6839100e+01   2.9650400e+01
  -1.2183000e+01   4.6164900e+01   2.8739100e+01
  -1.2185400e+01   4.5495100e+01   2.7665900e+01
  -1.2168400e+01   4.4826900e+01   2.6563600e+01
  -1.2139300e+01   4.4106300e+01   2.5493800e+01
  -1.2102700e+01   4.3279200e+01   2.4511800e+01
  -1.2062700e+01   4.2327000e+01   2.3653100e+01
  -1.2021600e+01   4.1243700e+01   2.2949800e+01
  -1.1977100e+01   4.0063400e+01   2.2393700e+01
  -1.1929400e+01   3.8821900e+01   2.1985000e+01
  -1.1903600e+01   3.7631500e+01   2.1709200e+01
  -9.7324000e+00   4.6398800e+01   2.9697400e+01
  -9.7438000e+00   4.5693400e+01   2.8770400e+01
  -9.7287000e+00   4.4969500e+01   2.7659600e+01
  -9.7004000e+00   4.4239300e+01   2.6522100e+01
  -9.6641000e+00   4.3453300e+01   2.5426600e+01
  -9.6223000e+00   4.2558600e+01   2.4435400e+01
  -9.5787000e+00   4.1541700e+01   2.3584700e+01
  -9.5365000e+00   4.0404800e+01   2.2896400e+01
  -9.4948000e+00   3.9181800e+01   2.2356700e+01
  -9.4550000e+00   3.7912400e+01   2.1959900e+01
  -9.4497000e+00   3.6728000e+01   2.1699000e+01
  -7.3200000e+00   4.5901700e+01   2.9724500e+01
  -7.3111000e+00   4.5156300e+01   2.8770300e+01
  -7.2807000e+00   4.4376100e+01   2.7621300e+01
  -7.2436000e+00   4.3583300e+01   2.6449900e+01
  -7.2025000e+00   4.2731200e+01   2.5330300e+01
  -7.1580000e+00   4.1767700e+01   2.4331800e+01
  -7.1135000e+00   4.0684400e+01   2.3491500e+01
  -7.0730000e+00   3.9491400e+01   2.2821300e+01
  -7.0369000e+00   3.8223300e+01   2.2300900e+01
  -7.0074000e+00   3.6921800e+01   2.1919000e+01
  -7.0203000e+00   3.5728700e+01   2.1673500e+01
  -4.9123000e+00   4.5348600e+01   2.9733900e+01
  -4.8852000e+00   4.4555600e+01   2.8741400e+01
  -4.8417000e+00   4.3718200e+01   2.7553900e+01
  -4.7982000e+00   4.2863100e+01   2.6350100e+01
  -4.7550000e+00   4.1945400e+01   2.5207900e+01
  -4.7102000e+00   4.0912600e+01   2.4204600e+01
  -4.6673000e+00   3.9762000e+01   2.3377500e+01
  -4.6312000e+00   3.8511800e+01   2.2728900e+01
  -4.6033000e+00   3.7197100e+01   2.2231000e+01
  -4.5859000e+00   3.5859900e+01   2.1867100e+01
  -4.6149000e+00   3.4645200e+01   2.1637800e+01
  -2.5107000e+00   4.4739300e+01   2.9727800e+01
  -2.4661000e+00   4.3892100e+01   2.8686100e+01
  -2.4116000e+00   4.2997500e+01   2.7459800e+01
  -2.3643000e+00   4.2081500e+01   2.6225500e+01
  -2.3213000e+00   4.1100000e+01   2.5062500e+01
  -2.2787000e+00   3.9998500e+01   2.4057000e+01
  -2.2397000e+00   3.8780800e+01   2.3246500e+01
  -2.2103000e+00   3.7473200e+01   2.2623500e+01
  -2.1929000e+00   3.6111600e+01   2.2151900e+01
  -2.1893000e+00   3.4736400e+01   2.1809500e+01
  -2.2325000e+00   3.3488000e+01   2.1597300e+01
  -1.1712000e-01   4.4071700e+01   2.9708300e+01
  -5.4638000e-02   4.3164500e+01   2.8606500e+01
   9.0002000e-03   4.2214000e+01   2.7341600e+01
   5.7970000e-02   4.1240200e+01   2.6079100e+01
   9.8330000e-02   4.0197900e+01   2.4897500e+01
   1.3671000e-01   3.9029600e+01   2.3892900e+01
   1.6971000e-01   3.7746400e+01   2.3103000e+01
   1.9033000e-01   3.6382800e+01   2.2510300e+01
   1.9508000e-01   3.4975500e+01   2.2069400e+01
   1.8336000e-01   3.3561400e+01   2.1752200e+01
   1.2797000e-01   3.2267700e+01   2.1558500e+01
   2.2652000e+00   4.3339800e+01   2.9678300e+01
   2.3473000e+00   4.2367500e+01   2.8505000e+01
   2.4184000e+00   4.1364700e+01   2.7202600e+01
   2.4669000e+00   4.0337900e+01   2.5914800e+01
   2.5027000e+00   3.9240100e+01   2.4717200e+01
   2.5350000e+00   3.8008900e+01   2.3717300e+01
   2.5605000e+00   3.6663500e+01   2.2952800e+01
   2.5707000e+00   3.5246900e+01   2.2395700e+01
   2.5612000e+00   3.3797200e+01   2.1990500e+01
   2.5332000e+00   3.2345400e+01   2.1703000e+01
   2.4680000e+00   3.0994700e+01   2.1529600e+01
   4.6301000e+00   4.2528800e+01   2.9641300e+01
   4.7324000e+00   4.1489500e+01   2.8385100e+01
   4.8066000e+00   4.0443500e+01   2.7048400e+01
   4.8508000e+00   3.9373600e+01   2.5739700e+01
   4.8790000e+00   3.8229700e+01   2.4529600e+01
   4.9038000e+00   3.6942700e+01   2.3539100e+01
   4.9214000e+00   3.5540800e+01   2.2806100e+01
   4.9219000e+00   3.4076500e+01   2.2290900e+01
   4.8998000e+00   3.2589000e+01   2.1927100e+01
   4.8582000e+00   3.1102200e+01   2.1674200e+01
   4.7898000e+00   2.9680500e+01   2.1523500e+01
   6.9632000e+00   4.1603500e+01   2.9604400e+01
   7.0285000e+00   4.0540800e+01   2.8262800e+01
   7.0576000e+00   3.9499000e+01   2.6904300e+01
   7.0638000e+00   3.8424100e+01   2.5585500e+01
   7.0650000e+00   3.7263500e+01   2.4370300e+01
   7.0766000e+00   3.5938800e+01   2.3396100e+01
   7.0940000e+00   3.4488700e+01   2.2700400e+01
   7.1058000e+00   3.2975200e+01   2.2231800e+01
   7.1055000e+00   3.1437900e+01   2.1912000e+01
   7.0997000e+00   2.9891700e+01   2.1694800e+01
   7.0969000e+00   2.8340600e+01   2.1565300e+01
