   3.3240600e+01   3.4765600e+01   3.7936800e+01
   3.3237900e+01   3.4762000e+01   3.7153700e+01
   3.3232800e+01   3.4740200e+01   3.6371000e+01
   3.3224700e+01   3.4685900e+01   3.5590000e+01
   3.3212800e+01   3.4575100e+01   3.4815200e+01
   3.3197200e+01   3.4397600e+01   3.4053200e+01
   3.3178200e+01   3.4156200e+01   3.3309000e+01
   3.3156200e+01   3.3868700e+01   3.2581200e+01
   3.3131400e+01   3.3555100e+01   3.1864100e+01
   3.3104300e+01   3.3233300e+01   3.1150700e+01
   3.3075400e+01   3.2914800e+01   3.0435900e+01
   3.5811400e+01   3.4111400e+01   3.7937400e+01
   3.5811300e+01   3.4113000e+01   3.7173500e+01
   3.5810500e+01   3.4096500e+01   3.6401700e+01
   3.5807600e+01   3.4047300e+01   3.5631200e+01
   3.5801700e+01   3.3945100e+01   3.4866700e+01
   3.5792800e+01   3.3781100e+01   3.4114300e+01
   3.5781000e+01   3.3557800e+01   3.3378300e+01
   3.5766500e+01   3.3289400e+01   3.2657900e+01
   3.5749200e+01   3.2992100e+01   3.1949000e+01
   3.5729100e+01   3.2679000e+01   3.1245000e+01
   3.5704100e+01   3.2353400e+01   3.0527000e+01
   3.8385300e+01   3.3469800e+01   3.7935500e+01
   3.8388300e+01   3.3475700e+01   3.7186600e+01
   3.8392000e+01   3.3463400e+01   3.6425000e+01
   3.8394400e+01   3.3418500e+01   3.5664300e+01
   3.8394500e+01   3.3324000e+01   3.4909600e+01
   3.8392200e+01   3.3172200e+01   3.4166100e+01
   3.8387200e+01   3.2965400e+01   3.3437700e+01
   3.8379600e+01   3.2714700e+01   3.2724400e+01
   3.8369100e+01   3.2432200e+01   3.2023200e+01
   3.8355200e+01   3.2126800e+01   3.1328700e+01
   3.8333700e+01   3.1795800e+01   3.0613900e+01
   4.0961900e+01   3.2838800e+01   3.7931300e+01
   4.0967700e+01   3.2848200e+01   3.7193900e+01
   4.0975800e+01   3.2839000e+01   3.6441700e+01
   4.0983200e+01   3.2797400e+01   3.5690200e+01
   4.0988900e+01   3.2709200e+01   3.4944500e+01
   4.0992700e+01   3.2568300e+01   3.4209300e+01
   4.0994300e+01   3.2376300e+01   3.3488100e+01
   4.0993200e+01   3.2141600e+01   3.2781200e+01
   4.0989200e+01   3.1872400e+01   3.2087400e+01
   4.0981300e+01   3.1573200e+01   3.1402300e+01
   4.0963400e+01   3.1237600e+01   3.0696100e+01
   4.3540700e+01   3.2217100e+01   3.7924700e+01
   4.3549200e+01   3.2228900e+01   3.7195600e+01
   4.3561100e+01   3.2221400e+01   3.6451800e+01
   4.3573100e+01   3.2181600e+01   3.5708800e+01
   4.3584000e+01   3.2098100e+01   3.4971500e+01
   4.3593500e+01   3.1966100e+01   3.4243900e+01
   4.3601200e+01   3.1787000e+01   3.3529000e+01
   4.3606300e+01   3.1566400e+01   3.2828100e+01
   4.3608300e+01   3.1308500e+01   3.2141100e+01
   4.3606100e+01   3.1014000e+01   3.1465500e+01
   4.3592000e+01   3.0673700e+01   3.0772200e+01
   4.6121500e+01   3.1603500e+01   3.7915400e+01
   4.6132400e+01   3.1616300e+01   3.7192100e+01
   4.6147700e+01   3.1608600e+01   3.6455600e+01
   4.6163700e+01   3.1568700e+01   3.5720200e+01
   4.6179300e+01   3.1487800e+01   3.4990400e+01
   4.6194000e+01   3.1362500e+01   3.4269600e+01
   4.6207200e+01   3.1194100e+01   3.3560500e+01
   4.6217900e+01   3.0985200e+01   3.2864800e+01
   4.6225500e+01   3.0736400e+01   3.2184000e+01
   4.6228500e+01   3.0444500e+01   3.1517700e+01
   4.6218400e+01   3.0098700e+01   3.0841000e+01
   4.8703900e+01   3.0996800e+01   3.7903200e+01
   4.8716900e+01   3.1008800e+01   3.7183200e+01
   4.8735000e+01   3.0998300e+01   3.6452900e+01
   4.8754300e+01   3.0955500e+01   3.5724200e+01
   4.8773800e+01   3.0874500e+01   3.5001000e+01
   4.8793000e+01   3.0753200e+01   3.4286100e+01
   4.8811000e+01   3.0592400e+01   3.3581900e+01
   4.8826600e+01   3.0392400e+01   3.2890600e+01
   4.8839000e+01   3.0150000e+01   3.2215100e+01
   4.8846800e+01   2.9858200e+01   3.1557900e+01
   4.8840900e+01   2.9505000e+01   3.0900500e+01
   5.1287600e+01   3.0395900e+01   3.7887500e+01
   5.1302100e+01   3.0404100e+01   3.7168500e+01
   5.1322000e+01   3.0387000e+01   3.6443000e+01
   5.1343700e+01   3.0337600e+01   3.5719700e+01
   5.1366100e+01   3.0252500e+01   3.5001900e+01
   5.1388700e+01   3.0131000e+01   3.4291700e+01
   5.1410500e+01   2.9973900e+01   3.3591200e+01
   5.1430000e+01   2.9778900e+01   3.2902900e+01
   5.1446200e+01   2.9539100e+01   3.2231500e+01
   5.1457900e+01   2.9243500e+01   3.1582700e+01
   5.1456300e+01   2.8879700e+01   3.0946500e+01
   5.3872400e+01   2.9800100e+01   3.7866300e+01
   5.3887300e+01   2.9799400e+01   3.7146100e+01
   5.3907400e+01   2.9769700e+01   3.6423400e+01
   5.3929700e+01   2.9707600e+01   3.5703900e+01
   5.3953300e+01   2.9612200e+01   3.4989700e+01
   5.3977600e+01   2.9484500e+01   3.4282500e+01
   5.4001600e+01   2.9324900e+01   3.3583800e+01
   5.4023300e+01   2.9129000e+01   3.2896900e+01
   5.4041600e+01   2.8885700e+01   3.2227800e+01
   5.4055800e+01   2.8580600e+01   3.1585800e+01
   5.4058300e+01   2.8200300e+01   3.0971600e+01
   5.6458000e+01   2.9207900e+01   3.7836900e+01
   5.6470900e+01   2.9189600e+01   3.7113100e+01
   5.6488300e+01   2.9137800e+01   3.6390500e+01
   5.6508400e+01   2.9053300e+01   3.5671900e+01
   5.6530200e+01   2.8938200e+01   3.4958800e+01
   5.6553400e+01   2.8794500e+01   3.4251900e+01
   5.6576600e+01   2.8623100e+01   3.3552400e+01
   5.6597600e+01   2.8416800e+01   3.2864100e+01
   5.6615100e+01   2.8160900e+01   3.2194400e+01
   5.6629000e+01   2.7836900e+01   3.1556600e+01
   5.6634800e+01   2.7430100e+01   3.0963200e+01
   5.9044000e+01   2.8618200e+01   3.7794100e+01
   5.9049300e+01   2.8568200e+01   3.7064000e+01
   5.9058300e+01   2.8479700e+01   3.6337500e+01
   5.9070400e+01   2.8358200e+01   3.5615900e+01
   5.9085000e+01   2.8208400e+01   3.4899700e+01
   5.9101700e+01   2.8034100e+01   3.4189100e+01
   5.9119000e+01   2.7836100e+01   3.3484700e+01
   5.9134300e+01   2.7604900e+01   3.2790700e+01
   5.9146100e+01   2.7321900e+01   3.2116200e+01
   5.9154900e+01   2.6964400e+01   3.1478300e+01
   5.9162200e+01   2.6514500e+01   3.0901500e+01
