   3.3075400e+01   3.2914800e+01   3.0435900e+01
   3.3030300e+01   3.2417100e+01   2.9318900e+01
   3.2990700e+01   3.1814200e+01   2.8256800e+01
   3.2961100e+01   3.0984200e+01   2.7368900e+01
   3.2943900e+01   2.9925000e+01   2.6766000e+01
   3.2935100e+01   2.8766600e+01   2.6376500e+01
   3.2931700e+01   2.7573400e+01   2.6104800e+01
   3.2931800e+01   2.6375100e+01   2.5855500e+01
   3.2933400e+01   2.5192900e+01   2.5541000e+01
   3.2942000e+01   2.4060000e+01   2.5081800e+01
   3.3000200e+01   2.2984900e+01   2.4500700e+01
   3.5704100e+01   3.2353400e+01   3.0527000e+01
   3.5636100e+01   3.1847400e+01   2.9425500e+01
   3.5580100e+01   3.1241100e+01   2.8387800e+01
   3.5541200e+01   3.0423300e+01   2.7515500e+01
   3.5521900e+01   2.9393400e+01   2.6908500e+01
   3.5518500e+01   2.8269800e+01   2.6504900e+01
   3.5527600e+01   2.7111900e+01   2.6215400e+01
   3.5546700e+01   2.5947500e+01   2.5948700e+01
   3.5574000e+01   2.4796700e+01   2.5618100e+01
   3.5616400e+01   2.3689700e+01   2.5154100e+01
   3.5720100e+01   2.2622500e+01   2.4586300e+01
   3.8333700e+01   3.1795800e+01   3.0613900e+01
   3.8282100e+01   3.1271000e+01   2.9532400e+01
   3.8239900e+01   3.0652500e+01   2.8522400e+01
   3.8213000e+01   2.9840300e+01   2.7668700e+01
   3.8204400e+01   2.8835700e+01   2.7060100e+01
   3.8210700e+01   2.7744800e+01   2.6644500e+01
   3.8227900e+01   2.6622400e+01   2.6339500e+01
   3.8253100e+01   2.5494300e+01   2.6057500e+01
   3.8284600e+01   2.4379100e+01   2.5713100e+01
   3.8330200e+01   2.3304000e+01   2.5246700e+01
   3.8438400e+01   2.2255100e+01   2.4696300e+01
   4.0963400e+01   3.1237600e+01   3.0696100e+01
   4.0929100e+01   3.0693200e+01   2.9639300e+01
   4.0901500e+01   3.0061100e+01   2.8660600e+01
   4.0887100e+01   2.9253400e+01   2.7829300e+01
   4.0889400e+01   2.8273200e+01   2.7222600e+01
   4.0905300e+01   2.7214200e+01   2.6798500e+01
   4.0930400e+01   2.6126400e+01   2.6481200e+01
   4.0961100e+01   2.5033700e+01   2.6187300e+01
   4.0995700e+01   2.3953500e+01   2.5832400e+01
   4.1043500e+01   2.2909500e+01   2.5367300e+01
   4.1154200e+01   2.1880700e+01   2.4839200e+01
   4.3592000e+01   3.0673700e+01   3.0772200e+01
   4.3574800e+01   3.0109500e+01   2.9746000e+01
   4.3561600e+01   2.9462900e+01   2.8803600e+01
   4.3559500e+01   2.8659000e+01   2.7999500e+01
   4.3572500e+01   2.7702600e+01   2.7399200e+01
   4.3597800e+01   2.6675000e+01   2.6971100e+01
   4.3630500e+01   2.5621200e+01   2.6646200e+01
   4.3666400e+01   2.4563300e+01   2.6344900e+01
   4.3704000e+01   2.3517300e+01   2.5984000e+01
   4.3753700e+01   2.2503800e+01   2.5525000e+01
   4.3866100e+01   2.1496800e+01   2.5025400e+01
   4.6218400e+01   3.0098700e+01   3.0841000e+01
   4.6217900e+01   2.9514900e+01   2.9852600e+01
   4.6218600e+01   2.8853100e+01   2.8952600e+01
   4.6228500e+01   2.8052500e+01   2.8181900e+01
   4.6252000e+01   2.7119800e+01   2.7594000e+01
   4.6286200e+01   2.6123100e+01   2.7167800e+01
   4.6326200e+01   2.5103000e+01   2.6840900e+01
   4.6366900e+01   2.4079500e+01   2.6537900e+01
   4.6407200e+01   2.3067400e+01   2.6177000e+01
   4.6458700e+01   2.2083800e+01   2.5730000e+01
   4.6571800e+01   2.1100500e+01   2.5266100e+01
   4.8840900e+01   2.9505000e+01   3.0900500e+01
   4.8856200e+01   2.8902000e+01   2.9959700e+01
   4.8870300e+01   2.8224700e+01   2.9110600e+01
   4.8891700e+01   2.7427200e+01   2.8381900e+01
   4.8924800e+01   2.6518200e+01   2.7814800e+01
   4.8967500e+01   2.5552500e+01   2.7398800e+01
   4.9014100e+01   2.4565800e+01   2.7078300e+01
   4.9059100e+01   2.3576600e+01   2.6781900e+01
   4.9101500e+01   2.2598400e+01   2.6429300e+01
   4.9154400e+01   2.1644600e+01   2.6003000e+01
   4.9266900e+01   2.0686900e+01   2.5584300e+01
   5.1456300e+01   2.8879700e+01   3.0946500e+01
   5.1486000e+01   2.8258500e+01   3.0066400e+01
   5.1512400e+01   2.7566000e+01   2.9280400e+01
   5.1543900e+01   2.6772200e+01   2.8605800e+01
   5.1585600e+01   2.5887400e+01   2.8071500e+01
   5.1635500e+01   2.4953100e+01   2.7677500e+01
   5.1687700e+01   2.4000500e+01   2.7375200e+01
   5.1735900e+01   2.3046100e+01   2.7097200e+01
   5.1779300e+01   2.2102300e+01   2.6764700e+01
   5.1832600e+01   2.1178700e+01   2.6371100e+01
   5.1943000e+01   2.0249200e+01   2.6010300e+01
   5.4058300e+01   2.8200300e+01   3.0971600e+01
   5.4099500e+01   2.7563300e+01   3.0171400e+01
   5.4135600e+01   2.6857000e+01   2.9466700e+01
   5.4175000e+01   2.6068400e+01   2.8864500e+01
   5.4222900e+01   2.5209400e+01   2.8381200e+01
   5.4277700e+01   2.4308200e+01   2.8027300e+01
   5.4333000e+01   2.3391300e+01   2.7761100e+01
   5.4382200e+01   2.2473500e+01   2.7519500e+01
   5.4424500e+01   2.1565800e+01   2.7225200e+01
   5.4476100e+01   2.0674000e+01   2.6882400e+01
   5.4581600e+01   1.9776200e+01   2.6598300e+01
   5.6634800e+01   2.7430100e+01   3.0963200e+01
   5.6681000e+01   2.6782100e+01   3.0270800e+01
   5.6721000e+01   2.6066000e+01   2.9674300e+01
   5.6762400e+01   2.5286500e+01   2.9171400e+01
   5.6811000e+01   2.4457200e+01   2.8766100e+01
   5.6865600e+01   2.3593000e+01   2.8479200e+01
   5.6919300e+01   2.2715500e+01   2.8276300e+01
   5.6965000e+01   2.1837700e+01   2.8097900e+01
   5.7002100e+01   2.0969500e+01   2.7869100e+01
   5.7048400e+01   2.0112900e+01   2.7604800e+01
   5.7144700e+01   1.9251800e+01   2.7425300e+01
   5.9162200e+01   2.6514500e+01   3.0901500e+01
   5.9169000e+01   2.5881800e+01   3.0349100e+01
   5.9177400e+01   2.5177000e+01   2.9891800e+01
   5.9193400e+01   2.4423500e+01   2.9519700e+01
   5.9222900e+01   2.3636900e+01   2.9224900e+01
   5.9264800e+01   2.2818600e+01   2.9039200e+01
   5.9311800e+01   2.1985500e+01   2.8935600e+01
   5.9356100e+01   2.1149100e+01   2.8859500e+01
   5.9397300e+01   2.0318100e+01   2.8738400e+01
   5.9454600e+01   1.9491000e+01   2.8598300e+01
   5.9564800e+01   1.8659200e+01   2.8572800e+01
