   5.9162200e+01   2.6514500e+01   3.0901500e+01
   5.9169000e+01   2.5881800e+01   3.0349100e+01
   5.9177400e+01   2.5177000e+01   2.9891800e+01
   5.9193400e+01   2.4423500e+01   2.9519700e+01
   5.9222900e+01   2.3636900e+01   2.9224900e+01
   5.9264800e+01   2.2818600e+01   2.9039200e+01
   5.9311800e+01   2.1985500e+01   2.8935600e+01
   5.9356100e+01   2.1149100e+01   2.8859500e+01
   5.9397300e+01   2.0318100e+01   2.8738400e+01
   5.9454600e+01   1.9491000e+01   2.8598300e+01
   5.9564800e+01   1.8659200e+01   2.8572800e+01
   5.9930500e+01   2.6179100e+01   3.0864100e+01
   6.0042100e+01   2.5578100e+01   3.0416400e+01
   6.0115800e+01   2.4865600e+01   3.0023600e+01
   6.0162900e+01   2.4107600e+01   2.9709100e+01
   6.0208300e+01   2.3327200e+01   2.9474400e+01
   6.0261300e+01   2.2519400e+01   2.9343200e+01
   6.0318800e+01   2.1690600e+01   2.9294900e+01
   6.0372700e+01   2.0850600e+01   2.9280200e+01
   6.0415300e+01   2.0016900e+01   2.9234900e+01
   6.0440400e+01   1.9201700e+01   2.9162400e+01
   6.0435100e+01   1.8406500e+01   2.9127900e+01
   6.0687800e+01   2.5821400e+01   3.0818500e+01
   6.0785000e+01   2.5237600e+01   3.0438000e+01
   6.0887600e+01   2.4510100e+01   3.0120300e+01
   6.0963100e+01   2.3732800e+01   2.9880900e+01
   6.1029100e+01   2.2939300e+01   2.9723900e+01
   6.1096900e+01   2.2129400e+01   2.9661500e+01
   6.1166400e+01   2.1304400e+01   2.9674800e+01
   6.1230800e+01   2.0471300e+01   2.9719900e+01
   6.1279200e+01   1.9646400e+01   2.9742700e+01
   6.1296500e+01   1.8850700e+01   2.9734800e+01
   6.1264200e+01   1.8142600e+01   2.9736500e+01
   6.1433500e+01   2.5440900e+01   3.0764600e+01
   6.1481500e+01   2.4854500e+01   3.0440700e+01
   6.1573000e+01   2.4103300e+01   3.0198100e+01
   6.1655500e+01   2.3300600e+01   3.0040900e+01
   6.1733000e+01   2.2490200e+01   2.9969100e+01
   6.1812600e+01   2.1676700e+01   2.9985000e+01
   6.1894500e+01   2.0859600e+01   3.0068900e+01
   6.1973400e+01   2.0043400e+01   3.0181700e+01
   6.2039100e+01   1.9243400e+01   3.0278100e+01
   6.2073900e+01   1.8490000e+01   3.0342000e+01
   6.2052200e+01   1.7868600e+01   3.0393200e+01
   6.2159400e+01   2.5025100e+01   3.0697800e+01
   6.2153400e+01   2.4425000e+01   3.0430500e+01
   6.2211200e+01   2.3644300e+01   3.0263300e+01
   6.2282100e+01   2.2815900e+01   3.0191400e+01
   6.2359600e+01   2.1991500e+01   3.0209200e+01
   6.2445000e+01   2.1179300e+01   3.0310400e+01
   6.2537300e+01   2.0377200e+01   3.0473800e+01
   6.2632300e+01   1.9587900e+01   3.0664900e+01
   6.2721900e+01   1.8826200e+01   3.0844700e+01
   6.2787400e+01   1.8127900e+01   3.0991100e+01
   6.2790800e+01   1.7583500e+01   3.1102200e+01
   6.2866100e+01   2.4579900e+01   3.0620400e+01
   6.2809200e+01   2.3952400e+01   3.0410200e+01
   6.2823400e+01   2.3136700e+01   3.0318100e+01
   6.2871400e+01   2.2285000e+01   3.0332900e+01
   6.2940200e+01   2.1453000e+01   3.0442600e+01
   6.3025200e+01   2.0649900e+01   3.0634200e+01
   6.3123300e+01   1.9870900e+01   3.0884900e+01
   6.3231700e+01   1.9117500e+01   3.1164200e+01
   6.3344200e+01   1.8402700e+01   3.1438200e+01
   6.3441400e+01   1.7764100e+01   3.1680300e+01
   6.3465700e+01   1.7285900e+01   3.1866800e+01
   6.3559000e+01   2.4114600e+01   3.0535800e+01
   6.3454100e+01   2.3441200e+01   3.0381200e+01
   6.3424600e+01   2.2585500e+01   3.0362600e+01
   6.3446700e+01   2.1715400e+01   3.0463500e+01
   6.3502300e+01   2.0884600e+01   3.0666100e+01
   6.3581500e+01   2.0099300e+01   3.0951400e+01
   6.3679500e+01   1.9351400e+01   3.1294800e+01
   6.3794400e+01   1.8640800e+01   3.1669500e+01
   6.3923900e+01   1.7978100e+01   3.2045800e+01
   6.4051300e+01   1.7400100e+01   3.2392300e+01
   6.4106100e+01   1.6981500e+01   3.2657600e+01
   6.4236300e+01   2.3627800e+01   3.0443700e+01
   6.4093200e+01   2.2891800e+01   3.0342500e+01
   6.4030400e+01   2.1996800e+01   3.0394500e+01
   6.4031500e+01   2.1117500e+01   3.0579600e+01
   6.4074100e+01   2.0298000e+01   3.0874400e+01
   6.4143900e+01   1.9539100e+01   3.1254500e+01
   6.4234300e+01   1.8828300e+01   3.1693300e+01
   6.4344800e+01   1.8164700e+01   3.2168100e+01
   6.4477500e+01   1.7555800e+01   3.2653200e+01
   6.4623200e+01   1.7036000e+01   3.3115500e+01
   6.4708300e+01   1.6669700e+01   3.3475900e+01
   6.4901500e+01   2.3125600e+01   3.0346900e+01
   6.4739200e+01   2.2309500e+01   3.0292800e+01
   6.4664400e+01   2.1384400e+01   3.0410000e+01
   6.4656800e+01   2.0509100e+01   3.0675500e+01
   6.4690000e+01   1.9710400e+01   3.1060000e+01
   6.4747800e+01   1.8983900e+01   3.1533800e+01
   6.4822500e+01   1.8312200e+01   3.2067500e+01
   6.4914500e+01   1.7696000e+01   3.2643800e+01
   6.5029300e+01   1.7138700e+01   3.3242100e+01
   6.5167700e+01   1.6672200e+01   3.3833700e+01
   6.5270400e+01   1.6348400e+01   3.4318600e+01
   6.5563400e+01   2.2619300e+01   3.0249400e+01
   6.5422000e+01   2.1713700e+01   3.0229600e+01
   6.5367400e+01   2.0780600e+01   3.0403600e+01
   6.5365700e+01   1.9922300e+01   3.0743800e+01
   6.5393700e+01   1.9148000e+01   3.1213400e+01
   6.5437200e+01   1.8452600e+01   3.1777500e+01
   6.5489100e+01   1.7814900e+01   3.2402300e+01
   6.5549300e+01   1.7240900e+01   3.3077100e+01
   6.5623200e+01   1.6728800e+01   3.3786900e+01
   6.5719000e+01   1.6310600e+01   3.4516600e+01
   6.5818700e+01   1.6022100e+01   3.5168500e+01
   6.6223500e+01   2.2110500e+01   3.0151700e+01
   6.6216000e+01   2.1170900e+01   3.0147400e+01
   6.6211000e+01   2.0257700e+01   3.0366600e+01
   6.6218800e+01   1.9411400e+01   3.0774500e+01
   6.6237900e+01   1.8647700e+01   3.1322700e+01
   6.6262600e+01   1.7967100e+01   3.1972500e+01
   6.6288300e+01   1.7348200e+01   3.2681500e+01
   6.6313100e+01   1.6801500e+01   3.3447600e+01
   6.6335900e+01   1.6321900e+01   3.4257300e+01
   6.6352000e+01   1.5943700e+01   3.5118500e+01
   6.6354500e+01   1.5690600e+01   3.6024500e+01
