   5.9044000e+01   2.8618200e+01   3.7794100e+01
   5.9049300e+01   2.8568200e+01   3.7064000e+01
   5.9058300e+01   2.8479700e+01   3.6337500e+01
   5.9070400e+01   2.8358200e+01   3.5615900e+01
   5.9085000e+01   2.8208400e+01   3.4899700e+01
   5.9101700e+01   2.8034100e+01   3.4189100e+01
   5.9119000e+01   2.7836100e+01   3.3484700e+01
   5.9134300e+01   2.7604900e+01   3.2790700e+01
   5.9146100e+01   2.7321900e+01   3.2116200e+01
   5.9154900e+01   2.6964400e+01   3.1478300e+01
   5.9162200e+01   2.6514500e+01   3.0901500e+01
   5.9759100e+01   2.8455000e+01   3.7778100e+01
   5.9815800e+01   2.8389500e+01   3.7039000e+01
   5.9860800e+01   2.8284100e+01   3.6301000e+01
   5.9898000e+01   2.8144800e+01   3.5569700e+01
   5.9928600e+01   2.7977100e+01   3.4845500e+01
   5.9953200e+01   2.7785400e+01   3.4128800e+01
   5.9970900e+01   2.7571200e+01   3.3419900e+01
   5.9979100e+01   2.7325900e+01   3.2723100e+01
   5.9975200e+01   2.7030100e+01   3.2047900e+01
   5.9957400e+01   2.6657200e+01   3.1418800e+01
   5.9930500e+01   2.6179100e+01   3.0864100e+01
   6.0474000e+01   2.8291200e+01   3.7760400e+01
   6.0531500e+01   2.8223300e+01   3.7009400e+01
   6.0578500e+01   2.8110000e+01   3.6256000e+01
   6.0618800e+01   2.7958900e+01   3.5511500e+01
   6.0652800e+01   2.7776300e+01   3.4776100e+01
   6.0680800e+01   2.7567100e+01   3.4050000e+01
   6.0702000e+01   2.7333100e+01   3.3334100e+01
   6.0714000e+01   2.7066300e+01   3.2632600e+01
   6.0714800e+01   2.6746500e+01   3.1957000e+01
   6.0702300e+01   2.6343600e+01   3.1341000e+01
   6.0687800e+01   2.5821400e+01   3.0818500e+01
   6.1188800e+01   2.8126800e+01   3.7741000e+01
   6.1237200e+01   2.8056700e+01   3.6975500e+01
   6.1278000e+01   2.7935400e+01   3.6205300e+01
   6.1314900e+01   2.7771800e+01   3.5446300e+01
   6.1347800e+01   2.7572900e+01   3.4698300e+01
   6.1377100e+01   2.7344100e+01   3.3962100e+01
   6.1401700e+01   2.7087400e+01   3.3238300e+01
   6.1419900e+01   2.6795500e+01   3.2531800e+01
   6.1429800e+01   2.6447500e+01   3.1856000e+01
   6.1429100e+01   2.6009900e+01   3.1253500e+01
   6.1433500e+01   2.5440900e+01   3.0764600e+01
   6.1903000e+01   2.7960600e+01   3.7718300e+01
   6.1938800e+01   2.7885900e+01   3.6936500e+01
   6.1970500e+01   2.7754100e+01   3.6148700e+01
   6.2001200e+01   2.7575200e+01   3.5374200e+01
   6.2030800e+01   2.7357200e+01   3.4612900e+01
   6.2059400e+01   2.7105600e+01   3.3865500e+01
   6.2086000e+01   2.6822800e+01   3.3132900e+01
   6.2109400e+01   2.6501700e+01   3.2420500e+01
   6.2127600e+01   2.6121000e+01   3.1743700e+01
   6.2137900e+01   2.5643800e+01   3.1154000e+01
   6.2159400e+01   2.5025100e+01   3.0697800e+01
   6.2616600e+01   2.7792200e+01   3.7693500e+01
   6.2637500e+01   2.7710200e+01   3.6893100e+01
   6.2658300e+01   2.7565200e+01   3.6087100e+01
   6.2681200e+01   2.7368500e+01   3.5296400e+01
   6.2705800e+01   2.7128500e+01   3.4520900e+01
   6.2731900e+01   2.6851200e+01   3.3761500e+01
   6.2759000e+01   2.6539200e+01   3.3019300e+01
   6.2785900e+01   2.6185900e+01   3.2300300e+01
   6.2810700e+01   2.5769200e+01   3.1621800e+01
   6.2830600e+01   2.5248900e+01   3.1044200e+01
   6.2866100e+01   2.4579900e+01   3.0620400e+01
   6.3329700e+01   2.7621500e+01   3.7667100e+01
   6.3334300e+01   2.7529800e+01   3.6846200e+01
   6.3342900e+01   2.7369300e+01   3.6021300e+01
   6.3356600e+01   2.7152500e+01   3.5213700e+01
   6.3374900e+01   2.6888400e+01   3.4423400e+01
   6.3397400e+01   2.6583300e+01   3.3651500e+01
   6.3423700e+01   2.6239900e+01   3.2899200e+01
   6.3452900e+01   2.5852200e+01   3.2173000e+01
   6.3483400e+01   2.5397300e+01   3.1492800e+01
   6.3511900e+01   2.4832000e+01   3.0927100e+01
   6.3559000e+01   2.4114600e+01   3.0535800e+01
   6.4041800e+01   2.7447400e+01   3.7639100e+01
   6.4029200e+01   2.7344000e+01   3.6795600e+01
   6.4024800e+01   2.7166200e+01   3.5951500e+01
   6.4028400e+01   2.6927300e+01   3.5126600e+01
   6.4039300e+01   2.6637100e+01   3.4321100e+01
   6.4057000e+01   2.6302200e+01   3.3536100e+01
   6.4081200e+01   2.5925300e+01   3.2773100e+01
   6.4111300e+01   2.5500800e+01   3.2039300e+01
   6.4145800e+01   2.5005200e+01   3.1356900e+01
   6.4181400e+01   2.4392200e+01   3.0802700e+01
   6.4236300e+01   2.3627800e+01   3.0443700e+01
   6.4753000e+01   2.7269300e+01   3.7610700e+01
   6.4724100e+01   2.7152700e+01   3.6742600e+01
   6.4707200e+01   2.6956300e+01   3.5879300e+01
   6.4701000e+01   2.6694000e+01   3.5036700e+01
   6.4704300e+01   2.6376200e+01   3.4215600e+01
   6.4716600e+01   2.6009900e+01   3.3417100e+01
   6.4737500e+01   2.5598000e+01   3.2643100e+01
   6.4766800e+01   2.5135200e+01   3.1901300e+01
   6.4803200e+01   2.4597100e+01   3.1216700e+01
   6.4843400e+01   2.3934500e+01   3.0673800e+01
   6.4901500e+01   2.3125600e+01   3.0346900e+01
   6.5463500e+01   2.7088700e+01   3.7582600e+01
   6.5426200e+01   2.6957200e+01   3.6688700e+01
   6.5403200e+01   2.6740700e+01   3.5806600e+01
   6.5391900e+01   2.6453800e+01   3.4946700e+01
   6.5390600e+01   2.6107700e+01   3.4110100e+01
   6.5398300e+01   2.5709600e+01   3.3298200e+01
   6.5414600e+01   2.5262300e+01   3.2513000e+01
   6.5439900e+01   2.4760800e+01   3.1763000e+01
   6.5473000e+01   2.4180000e+01   3.1076100e+01
   6.5511500e+01   2.3467800e+01   3.0544100e+01
   6.5563400e+01   2.2619300e+01   3.0249400e+01
   6.6173400e+01   2.6905700e+01   3.7555100e+01
   6.6175400e+01   2.6751100e+01   3.6637800e+01
   6.6178300e+01   2.6510500e+01   3.5740200e+01
   6.6182200e+01   2.6198200e+01   3.4865000e+01
   6.6187000e+01   2.5824500e+01   3.4013900e+01
   6.6192900e+01   2.5396200e+01   3.3188700e+01
   6.6200100e+01   2.4916200e+01   3.2392200e+01
   6.6209100e+01   2.4379400e+01   3.1633200e+01
   6.6218300e+01   2.3758800e+01   3.0942400e+01
   6.6224100e+01   2.2998300e+01   3.0418300e+01
   6.6223500e+01   2.2110500e+01   3.0151700e+01
