  -1.6989000e+01   4.5952700e+01   2.9486100e+01
  -1.7005300e+01   4.5199500e+01   2.8670600e+01
  -1.6990200e+01   4.4548500e+01   2.7771900e+01
  -1.6960800e+01   4.3948500e+01   2.6838000e+01
  -1.6928300e+01   4.3338500e+01   2.5910800e+01
  -1.6901200e+01   4.2663400e+01   2.5030400e+01
  -1.6884000e+01   4.1897300e+01   2.4228200e+01
  -1.6878200e+01   4.1013900e+01   2.3557600e+01
  -1.6878500e+01   4.0045600e+01   2.3017200e+01
  -1.6881800e+01   3.9010000e+01   2.2619100e+01
  -1.6885200e+01   3.7939600e+01   2.2325300e+01
  -1.4567700e+01   4.5682500e+01   2.9580900e+01
  -1.4625200e+01   4.4955500e+01   2.8771400e+01
  -1.4643900e+01   4.4280000e+01   2.7846200e+01
  -1.4637900e+01   4.3641100e+01   2.6887800e+01
  -1.4616900e+01   4.2983300e+01   2.5944800e+01
  -1.4587600e+01   4.2253100e+01   2.5063200e+01
  -1.4554400e+01   4.1427800e+01   2.4275600e+01
  -1.4519000e+01   4.0490100e+01   2.3623300e+01
  -1.4477200e+01   3.9470100e+01   2.3101400e+01
  -1.4427300e+01   3.8390900e+01   2.2714900e+01
  -1.4382200e+01   3.7316600e+01   2.2438500e+01
  -1.2148600e+01   4.5386000e+01   2.9650400e+01
  -1.2183000e+01   4.4658300e+01   2.8837200e+01
  -1.2185400e+01   4.3945500e+01   2.7885600e+01
  -1.2168400e+01   4.3256500e+01   2.6903000e+01
  -1.2139300e+01   4.2541200e+01   2.5944800e+01
  -1.2102700e+01   4.1747600e+01   2.5063000e+01
  -1.2062700e+01   4.0857200e+01   2.4291100e+01
  -1.2021600e+01   3.9862100e+01   2.3659200e+01
  -1.1977100e+01   3.8792000e+01   2.3157600e+01
  -1.1929400e+01   3.7675000e+01   2.2785000e+01
  -1.1903600e+01   3.6599100e+01   2.2525300e+01
  -9.7324000e+00   4.5062400e+01   2.9697400e+01
  -9.7438000e+00   4.4319300e+01   2.8871000e+01
  -9.7287000e+00   4.3564800e+01   2.7892700e+01
  -9.7004000e+00   4.2822900e+01   2.6886700e+01
  -9.6641000e+00   4.2047200e+01   2.5914100e+01
  -9.6223000e+00   4.1186900e+01   2.5033400e+01
  -9.5787000e+00   4.0228300e+01   2.4278500e+01
  -9.5365000e+00   3.9172100e+01   2.3669300e+01
  -9.4948000e+00   3.8048200e+01   2.3190000e+01
  -9.4550000e+00   3.6889100e+01   2.2833500e+01
  -9.4497000e+00   3.5799000e+01   2.2590500e+01
  -7.3200000e+00   4.4709900e+01   2.9724500e+01
  -7.3111000e+00   4.3940200e+01   2.8876200e+01
  -7.2807000e+00   4.3141000e+01   2.7870700e+01
  -7.2436000e+00   4.2344500e+01   2.6842200e+01
  -7.2025000e+00   4.1507100e+01   2.5856000e+01
  -7.1580000e+00   4.0578000e+01   2.4977800e+01
  -7.1135000e+00   3.9548700e+01   2.4241700e+01
  -7.0730000e+00   3.8428300e+01   2.3657400e+01
  -7.0369000e+00   3.7247800e+01   2.3202700e+01
  -7.0074000e+00   3.6041900e+01   2.2864700e+01
  -7.0203000e+00   3.4926000e+01   2.2638500e+01
  -4.9123000e+00   4.4325700e+01   2.9733900e+01
  -4.8852000e+00   4.3520000e+01   2.8855500e+01
  -4.8417000e+00   4.2674100e+01   2.7822400e+01
  -4.7982000e+00   4.1822700e+01   2.6772300e+01
  -4.7550000e+00   4.0923300e+01   2.5773500e+01
  -4.7102000e+00   3.9924300e+01   2.4899300e+01
  -4.6673000e+00   3.8823000e+01   2.4184000e+01
  -4.6312000e+00   3.7636500e+01   2.3627500e+01
  -4.6033000e+00   3.6397300e+01   2.3199900e+01
  -4.5859000e+00   3.5141100e+01   2.2882700e+01
  -4.6149000e+00   3.3988500e+01   2.2673600e+01
  -2.5107000e+00   4.3905300e+01   2.9727800e+01
  -2.4661000e+00   4.3055800e+01   2.8811500e+01
  -2.4116000e+00   4.2162500e+01   2.7750400e+01
  -2.3643000e+00   4.1257000e+01   2.6679900e+01
  -2.3213000e+00   4.0296800e+01   2.5669500e+01
  -2.2787000e+00   3.9227800e+01   2.4801300e+01
  -2.2397000e+00   3.8054000e+01   2.4109400e+01
  -2.2103000e+00   3.6800900e+01   2.3583800e+01
  -2.1929000e+00   3.5502300e+01   2.3186200e+01
  -2.1893000e+00   3.4193300e+01   2.2892500e+01
  -2.2325000e+00   3.2993600e+01   2.2700900e+01
  -1.1712000e-01   4.3441800e+01   2.9708300e+01
  -5.4638000e-02   4.2541900e+01   2.8746500e+01
   9.0002000e-03   4.1602000e+01   2.7657600e+01
   5.7970000e-02   4.0644900e+01   2.6568100e+01
   9.8330000e-02   3.9626300e+01   2.5547400e+01
   1.3671000e-01   3.8488900e+01   2.4687300e+01
   1.6971000e-01   3.7243800e+01   2.4021900e+01
   1.9033000e-01   3.5924800e+01   2.3530900e+01
   1.9508000e-01   3.4567700e+01   2.3166800e+01
   1.8336000e-01   3.3204900e+01   2.2899400e+01
   1.2797000e-01   3.1947700e+01   2.2725900e+01
   2.2652000e+00   4.2924100e+01   2.9678300e+01
   2.3473000e+00   4.1968500e+01   2.8663500e+01
   2.4184000e+00   4.0985000e+01   2.7547700e+01
   2.4669000e+00   3.9980800e+01   2.6441300e+01
   2.5027000e+00   3.8908700e+01   2.5411800e+01
   2.5350000e+00   3.7706300e+01   2.4562600e+01
   2.5605000e+00   3.6392500e+01   2.3927400e+01
   2.5707000e+00   3.5010600e+01   2.3475500e+01
   2.5612000e+00   3.3597800e+01   2.3148700e+01
   2.5332000e+00   3.2182500e+01   2.2911100e+01
   2.4680000e+00   3.0856900e+01   2.2756600e+01
   4.6301000e+00   4.2332500e+01   2.9641300e+01
   4.7324000e+00   4.1319000e+01   2.8566800e+01
   4.8066000e+00   4.0300000e+01   2.7426600e+01
   4.8508000e+00   3.9257500e+01   2.6306500e+01
   4.8790000e+00   3.8140800e+01   2.5270700e+01
   4.9038000e+00   3.6879900e+01   2.4436000e+01
   4.9214000e+00   3.5503300e+01   2.3836000e+01
   4.9219000e+00   3.4063500e+01   2.3428300e+01
   4.8998000e+00   3.2599900e+01   2.3143600e+01
   4.8582000e+00   3.1135200e+01   2.2939500e+01
   4.7898000e+00   2.9728400e+01   2.2805600e+01
   6.9632000e+00   4.1626400e+01   2.9604400e+01
   7.0285000e+00   4.0587000e+01   2.8471400e+01
   7.0576000e+00   3.9570400e+01   2.7316400e+01
   7.0638000e+00   3.8521200e+01   2.6190900e+01
   7.0650000e+00   3.7385200e+01   2.5154100e+01
   7.0766000e+00   3.6082800e+01   2.4339100e+01
   7.0940000e+00   3.4652700e+01   2.3779200e+01
   7.1058000e+00   3.3157300e+01   2.3420000e+01
   7.1055000e+00   3.1637300e+01   2.3180300e+01
   7.0997000e+00   3.0107700e+01   2.3011900e+01
   7.0969000e+00   2.8572900e+01   2.2898800e+01
