   6.3169300e+01   8.1012000e+00   3.7238300e+01
   6.2970900e+01   8.0699000e+00   3.6591800e+01
   6.2795200e+01   8.0418000e+00   3.5938900e+01
   6.2614900e+01   8.0148000e+00   3.5287600e+01
   6.2381600e+01   7.9871000e+00   3.4652700e+01
   6.2107100e+01   7.9639000e+00   3.4034900e+01
   6.1806600e+01   7.9424000e+00   3.3429600e+01
   6.1446500e+01   7.9222000e+00   3.2856700e+01
   6.1021300e+01   7.9100000e+00   3.2330900e+01
   6.0556100e+01   7.9018000e+00   3.1841600e+01
   6.0054600e+01   7.8972000e+00   3.1386900e+01
   6.2721900e+01   9.0375000e+00   3.7248700e+01
   6.2559600e+01   9.0223000e+00   3.6734500e+01
   6.2382800e+01   8.9972000e+00   3.6056400e+01
   6.2209000e+01   8.9763000e+00   3.5415600e+01
   6.1976000e+01   8.9550000e+00   3.4785700e+01
   6.1701000e+01   8.9398000e+00   3.4177300e+01
   6.1403000e+01   8.9281000e+00   3.3579900e+01
   6.1038900e+01   8.9175000e+00   3.3019600e+01
   6.0612300e+01   8.9178000e+00   3.2510700e+01
   6.0131200e+01   8.9168000e+00   3.2031300e+01
   5.9676100e+01   8.9475000e+00   3.1629500e+01
   6.2304500e+01   9.9869000e+00   3.7270400e+01
   6.2186100e+01   1.0001100e+01   3.6849300e+01
   6.2022600e+01   9.9950000e+00   3.6131400e+01
   6.1869300e+01   9.9939000e+00   3.5482800e+01
   6.1652600e+01   9.9900000e+00   3.4839800e+01
   6.1394200e+01   9.9914000e+00   3.4222300e+01
   6.1115900e+01   9.9953000e+00   3.3614400e+01
   6.0766800e+01   9.9976000e+00   3.3047900e+01
   6.0359300e+01   1.0010600e+01   3.2536300e+01
   5.9885200e+01   1.0014700e+01   3.2047700e+01
   5.9492400e+01   1.0072500e+01   3.1670400e+01
   6.1996100e+01   1.0976100e+01   3.7274500e+01
   6.1929300e+01   1.1004000e+01   3.6879600e+01
   6.1795100e+01   1.1008000e+01   3.6087100e+01
   6.1676400e+01   1.1016900e+01   3.5389200e+01
   6.1491400e+01   1.1021100e+01   3.4692600e+01
   6.1264900e+01   1.1029200e+01   3.4024300e+01
   6.1020900e+01   1.1038700e+01   3.3364600e+01
   6.0702400e+01   1.1043900e+01   3.2749400e+01
   6.0329600e+01   1.1058900e+01   3.2191100e+01
   5.9880800e+01   1.1058300e+01   3.1650300e+01
   5.9557100e+01   1.1127700e+01   3.1243200e+01
   6.2000100e+01   1.2002600e+01   3.7213800e+01
   6.1952500e+01   1.2031100e+01   3.6816000e+01
   6.1825900e+01   1.2038400e+01   3.5955600e+01
   6.1717600e+01   1.2050200e+01   3.5206400e+01
   6.1542000e+01   1.2055600e+01   3.4455900e+01
   6.1325300e+01   1.2063600e+01   3.3735900e+01
   6.1092000e+01   1.2071800e+01   3.3024300e+01
   6.0781900e+01   1.2073300e+01   3.2360200e+01
   6.0420900e+01   1.2083000e+01   3.1754400e+01
   5.9977700e+01   1.2072100e+01   3.1163000e+01
   5.9687500e+01   1.2140400e+01   3.0718900e+01
   6.2411200e+01   1.2943700e+01   3.7120500e+01
   6.2328600e+01   1.2983600e+01   3.6703500e+01
   6.2165900e+01   1.3008600e+01   3.5799100e+01
   6.2021700e+01   1.3037000e+01   3.5012200e+01
   6.1811100e+01   1.3057800e+01   3.4223600e+01
   6.1559800e+01   1.3079800e+01   3.3467100e+01
   6.1291700e+01   1.3100900e+01   3.2720000e+01
   6.0945800e+01   1.3113300e+01   3.2023400e+01
   6.0551400e+01   1.3131900e+01   3.1385800e+01
   6.0072700e+01   1.3126900e+01   3.0762700e+01
   5.9756100e+01   1.3203800e+01   3.0291200e+01
   6.3129600e+01   1.3683300e+01   3.7038200e+01
   6.2970700e+01   1.3756700e+01   3.6572700e+01
   6.2737800e+01   1.3822100e+01   3.5638000e+01
   6.2521200e+01   1.3889300e+01   3.4816200e+01
   6.2240800e+01   1.3947700e+01   3.3994800e+01
   6.1920100e+01   1.4005400e+01   3.3206300e+01
   6.1581300e+01   1.4060900e+01   3.2429100e+01
   6.1165000e+01   1.4106000e+01   3.1704800e+01
   6.0701800e+01   1.4154400e+01   3.1039500e+01
   6.0156200e+01   1.4178300e+01   3.0391600e+01
   5.9763100e+01   1.4279800e+01   2.9889800e+01
   6.3975800e+01   1.4277200e+01   3.6961300e+01
   6.3720800e+01   1.4399800e+01   3.6414300e+01
   6.3403300e+01   1.4520400e+01   3.5460100e+01
   6.3097100e+01   1.4640800e+01   3.4603700e+01
   6.2730900e+01   1.4751500e+01   3.3752000e+01
   6.2324900e+01   1.4859500e+01   3.2933000e+01
   6.1898000e+01   1.4963800e+01   3.2128200e+01
   6.1395200e+01   1.5056200e+01   3.1377900e+01
   6.0845900e+01   1.5148400e+01   3.0686100e+01
   6.0220200e+01   1.5216900e+01   3.0016800e+01
   5.9719600e+01   1.5351600e+01   2.9479600e+01
   6.4871700e+01   1.4795100e+01   3.6886600e+01
   6.4514300e+01   1.4978200e+01   3.6228500e+01
   6.4109400e+01   1.5162500e+01   3.5266700e+01
   6.3708600e+01   1.5344500e+01   3.4378800e+01
   6.3253100e+01   1.5516000e+01   3.3501800e+01
   6.2758100e+01   1.5682800e+01   3.2656800e+01
   6.2238300e+01   1.5844200e+01   3.1829700e+01
   6.1645500e+01   1.5992600e+01   3.1058600e+01
   6.1005700e+01   1.6136800e+01   3.0344500e+01
   6.0299200e+01   1.6260000e+01   2.9660400e+01
   5.9674700e+01   1.6430000e+01   2.9087300e+01
   6.5767900e+01   1.5283400e+01   3.6710500e+01
   6.5308300e+01   1.5536200e+01   3.5928700e+01
   6.4818400e+01   1.5789000e+01   3.4984100e+01
   6.4324000e+01   1.6037500e+01   3.4083200e+01
   6.3781900e+01   1.6275300e+01   3.3201000e+01
   6.3200900e+01   1.6506200e+01   3.2349900e+01
   6.2590700e+01   1.6730200e+01   3.1521500e+01
   6.1911800e+01   1.6940500e+01   3.0749900e+01
   6.1184900e+01   1.7142200e+01   3.0033800e+01
   6.0403700e+01   1.7326900e+01   2.9356800e+01
   5.9648400e+01   1.7531700e+01   2.8764400e+01
   6.6354500e+01   1.5690600e+01   3.6024500e+01
   6.5818700e+01   1.6022100e+01   3.5168500e+01
   6.5270400e+01   1.6348400e+01   3.4318600e+01
   6.4708300e+01   1.6669700e+01   3.3475900e+01
   6.4106100e+01   1.6981500e+01   3.2657600e+01
   6.3465700e+01   1.7285900e+01   3.1866800e+01
   6.2790800e+01   1.7583500e+01   3.1102200e+01
   6.2052200e+01   1.7868600e+01   3.0393200e+01
   6.1264200e+01   1.8142600e+01   2.9736500e+01
   6.0435100e+01   1.8406500e+01   2.9127900e+01
   5.9564800e+01   1.8659200e+01   2.8572800e+01
