   6.7765500e+01   2.6470300e+01   3.8212000e+01
   6.7764600e+01   2.6384400e+01   3.7126800e+01
   6.7762000e+01   2.6150100e+01   3.6061100e+01
   6.7758500e+01   2.5813700e+01   3.5023100e+01
   6.7754400e+01   2.5380100e+01   3.4022800e+01
   6.7749700e+01   2.4847000e+01   3.3070200e+01
   6.7745000e+01   2.4261500e+01   3.2149300e+01
   6.7740100e+01   2.3591400e+01   3.1288300e+01
   6.7735100e+01   2.2786300e+01   3.0557700e+01
   6.7729100e+01   2.1773600e+01   3.0175500e+01
   6.7722300e+01   2.0686000e+01   3.0169500e+01
   6.8502200e+01   2.6171600e+01   3.8218800e+01
   6.8528600e+01   2.6065900e+01   3.7168400e+01
   6.8547100e+01   2.5829800e+01   3.6173600e+01
   6.8561700e+01   2.5500500e+01   3.5200200e+01
   6.8572200e+01   2.5083200e+01   3.4261000e+01
   6.8578300e+01   2.4572700e+01   3.3366000e+01
   6.8580700e+01   2.4017600e+01   3.2497500e+01
   6.8579100e+01   2.3385900e+01   3.1681900e+01
   6.8573600e+01   2.2632600e+01   3.0977900e+01
   6.8563100e+01   2.1687700e+01   3.0597600e+01
   6.8550400e+01   2.0623000e+01   3.0568500e+01
   6.9192400e+01   2.5776500e+01   3.8226800e+01
   6.9222900e+01   2.5669100e+01   3.7230400e+01
   6.9243200e+01   2.5448000e+01   3.6314900e+01
   6.9260600e+01   2.5141000e+01   3.5415300e+01
   6.9274600e+01   2.4753700e+01   3.4547500e+01
   6.9285100e+01   2.4278400e+01   3.3721300e+01
   6.9292700e+01   2.3764200e+01   3.2918500e+01
   6.9297300e+01   2.3180200e+01   3.2163900e+01
   6.9299000e+01   2.2486500e+01   3.1505400e+01
   6.9296500e+01   2.1617600e+01   3.1146300e+01
   6.9294600e+01   2.0595200e+01   3.1112600e+01
   6.9844300e+01   2.5319900e+01   3.8236400e+01
   6.9878100e+01   2.5217400e+01   3.7309400e+01
   6.9900400e+01   2.5017300e+01   3.6477600e+01
   6.9920400e+01   2.4738700e+01   3.5657100e+01
   6.9937400e+01   2.4387200e+01   3.4865700e+01
   6.9951300e+01   2.3953800e+01   3.4113300e+01
   6.9963000e+01   2.3486600e+01   3.3381600e+01
   6.9972200e+01   2.2956200e+01   3.2693400e+01
   6.9979300e+01   2.2328100e+01   3.2087800e+01
   6.9982800e+01   2.1542200e+01   3.1755400e+01
   6.9989000e+01   2.0581500e+01   3.1721200e+01
   7.0478200e+01   2.4838700e+01   3.8247300e+01
   7.0514000e+01   2.4744200e+01   3.7400700e+01
   7.0537500e+01   2.4567200e+01   3.6653700e+01
   7.0559300e+01   2.4318700e+01   3.5914400e+01
   7.0578500e+01   2.4004700e+01   3.5201600e+01
   7.0594800e+01   2.3615200e+01   3.4524600e+01
   7.0609500e+01   2.3196100e+01   3.3866400e+01
   7.0622300e+01   2.2720400e+01   3.3247400e+01
   7.0633400e+01   2.2158700e+01   3.2698700e+01
   7.0641500e+01   2.1457000e+01   3.2395800e+01
   7.0654000e+01   2.0571700e+01   3.2362100e+01
   7.1097200e+01   2.4338300e+01   3.8259800e+01
   7.1133100e+01   2.4253400e+01   3.7503300e+01
   7.1157100e+01   2.4100500e+01   3.6841800e+01
   7.1179600e+01   2.3883000e+01   3.6185400e+01
   7.1199800e+01   2.3607100e+01   3.5553000e+01
   7.1217700e+01   2.3262600e+01   3.4953100e+01
   7.1234200e+01   2.2892000e+01   3.4370200e+01
   7.1249300e+01   2.2471500e+01   3.3822300e+01
   7.1263300e+01   2.1976300e+01   3.3334100e+01
   7.1274900e+01   2.1359000e+01   3.3062700e+01
   7.1291800e+01   2.0561800e+01   3.3030000e+01
   7.1698300e+01   2.3816700e+01   3.8274700e+01
   7.1732300e+01   2.3743200e+01   3.7616600e+01
   7.1755600e+01   2.3615200e+01   3.7041700e+01
   7.1777600e+01   2.3429400e+01   3.6470600e+01
   7.1797600e+01   2.3192300e+01   3.5920500e+01
   7.1815500e+01   2.2894000e+01   3.5399600e+01
   7.1832500e+01   2.2572500e+01   3.4894200e+01
   7.1848500e+01   2.2207500e+01   3.4419800e+01
   7.1863900e+01   2.1779100e+01   3.3995800e+01
   7.1877400e+01   2.1246500e+01   3.3758300e+01
   7.1896500e+01   2.0549100e+01   3.3727700e+01
   7.2273700e+01   2.3267300e+01   3.8293400e+01
   7.2303100e+01   2.3207400e+01   3.7741500e+01
   7.2323700e+01   2.3105700e+01   3.7255800e+01
   7.2342900e+01   2.2953000e+01   3.6773300e+01
   7.2360300e+01   2.2755800e+01   3.6309000e+01
   7.2375700e+01   2.2505300e+01   3.5870400e+01
   7.2390400e+01   2.2233600e+01   3.5446100e+01
   7.2404300e+01   2.1925100e+01   3.5049000e+01
   7.2417800e+01   2.1564000e+01   3.4694000e+01
   7.2429800e+01   2.1116300e+01   3.4494300e+01
   7.2446700e+01   2.0529500e+01   3.4468700e+01
   7.2792200e+01   2.2665000e+01   3.8320300e+01
   7.2811200e+01   2.2622600e+01   3.7884300e+01
   7.2823700e+01   2.2550100e+01   3.7493700e+01
   7.2834300e+01   2.2433700e+01   3.7106500e+01
   7.2843000e+01   2.2279200e+01   3.6734700e+01
   7.2849600e+01   2.2079500e+01   3.6384600e+01
   7.2855500e+01   2.1860400e+01   3.6047900e+01
   7.2860800e+01   2.1610900e+01   3.5734300e+01
   7.2865600e+01   2.1319600e+01   3.5455500e+01
   7.2869500e+01   2.0959000e+01   3.5299500e+01
   7.2877000e+01   2.0494000e+01   3.5283700e+01
   7.3164100e+01   2.1965900e+01   3.8361700e+01
   7.3166300e+01   2.1947600e+01   3.8047500e+01
   7.3165600e+01   2.1910700e+01   3.7756600e+01
   7.3163400e+01   2.1837400e+01   3.7469900e+01
   7.3159900e+01   2.1732600e+01   3.7195400e+01
   7.3155400e+01   2.1591300e+01   3.6938800e+01
   7.3151100e+01   2.1432000e+01   3.6694800e+01
   7.3147300e+01   2.1249000e+01   3.6469900e+01
   7.3144200e+01   2.1034800e+01   3.6273100e+01
   7.3141700e+01   2.0768800e+01   3.6166200e+01
   7.3142000e+01   2.0440200e+01   3.6164200e+01
   7.3408100e+01   2.1209300e+01   3.8386500e+01
   7.3408000e+01   2.1208700e+01   3.8211400e+01
   7.3407300e+01   2.1204000e+01   3.8036500e+01
   7.3403900e+01   2.1173600e+01   3.7864100e+01
   7.3398400e+01   2.1121100e+01   3.7697400e+01
   7.3391000e+01   2.1043600e+01   3.7540600e+01
   7.3383000e+01   2.0951700e+01   3.7391800e+01
   7.3374800e+01   2.0844500e+01   3.7253700e+01
   7.3366700e+01   2.0718300e+01   3.7133300e+01
   7.3359100e+01   2.0559100e+01   3.7064900e+01
   7.3351800e+01   2.0384800e+01   3.7061100e+01
