  -1.6885200e+01   3.7939600e+01   2.2325300e+01
  -1.6889300e+01   3.5111700e+01   2.1870600e+01
  -1.6883500e+01   3.2265500e+01   2.1540500e+01
  -1.6873600e+01   2.9417100e+01   2.1230800e+01
  -1.6873600e+01   2.6561600e+01   2.0995600e+01
  -1.6886000e+01   2.3699700e+01   2.0860400e+01
  -1.6887200e+01   2.0835000e+01   2.0807200e+01
  -1.6851100e+01   1.7970100e+01   2.0826800e+01
  -1.6786700e+01   1.5106500e+01   2.0887000e+01
  -1.6777400e+01   1.2241300e+01   2.0895900e+01
  -1.6768100e+01   9.3760000e+00   2.0904900e+01
  -1.4382200e+01   3.7316600e+01   2.2438500e+01
  -1.4394900e+01   3.4553800e+01   2.2028900e+01
  -1.4395700e+01   3.1754700e+01   2.1711400e+01
  -1.4394900e+01   2.8989100e+01   2.1319900e+01
  -1.4372100e+01   2.6203700e+01   2.1023700e+01
  -1.4347800e+01   2.3395200e+01   2.0881000e+01
  -1.4327900e+01   2.0579800e+01   2.0847400e+01
  -1.4295200e+01   1.7764800e+01   2.0902800e+01
  -1.4254400e+01   1.4952600e+01   2.1001500e+01
  -1.4259000e+01   1.2133900e+01   2.1019300e+01
  -1.4263700e+01   9.3269000e+00   2.1035800e+01
  -1.1903600e+01   3.6599100e+01   2.2525300e+01
  -1.1923100e+01   3.3906000e+01   2.2161300e+01
  -1.1928700e+01   3.1164200e+01   2.1857800e+01
  -1.1935000e+01   2.8491600e+01   2.1385700e+01
  -1.1887300e+01   2.5786500e+01   2.1029600e+01
  -1.1823800e+01   2.3041300e+01   2.0880800e+01
  -1.1780300e+01   2.0285400e+01   2.0868100e+01
  -1.1748200e+01   1.7530200e+01   2.0960800e+01
  -1.1727900e+01   1.4779400e+01   2.1099500e+01
  -1.1743300e+01   1.2017400e+01   2.1127300e+01
  -1.1758500e+01   9.2758000e+00   2.1152700e+01
  -9.4497000e+00   3.5799000e+01   2.2590500e+01
  -9.4732000e+00   3.3179100e+01   2.2272100e+01
  -9.4812000e+00   3.0503200e+01   2.1983900e+01
  -9.4922000e+00   2.7932800e+01   2.1431500e+01
  -9.4170000e+00   2.5316900e+01   2.1016100e+01
  -9.3118000e+00   2.2644100e+01   2.0862100e+01
  -9.2422000e+00   1.9956600e+01   2.0871200e+01
  -9.2081000e+00   1.7270200e+01   2.1001900e+01
  -9.2058000e+00   1.4589800e+01   2.1181700e+01
  -9.2295000e+00   1.1893200e+01   2.1220200e+01
  -9.2528000e+00   9.2233000e+00   2.1255200e+01
  -7.0203000e+00   3.4926000e+01   2.2638500e+01
  -7.0451000e+00   3.2382000e+01   2.2365400e+01
  -7.0528000e+00   2.9780000e+01   2.2093200e+01
  -7.0662000e+00   2.7320000e+01   2.1460100e+01
  -6.9610000e+00   2.4801300e+01   2.0985600e+01
  -6.8115000e+00   2.2208700e+01   2.0826800e+01
  -6.7132000e+00   1.9597600e+01   2.0858000e+01
  -6.6747000e+00   1.6988000e+01   2.1027100e+01
  -6.6880000e+00   1.4386100e+01   2.1248500e+01
  -6.7176000e+00   1.1762900e+01   2.1297800e+01
  -6.7465000e+00   9.1700000e+00   2.1342800e+01
  -4.6149000e+00   3.3988500e+01   2.2673600e+01
  -4.6382000e+00   3.1522800e+01   2.2445100e+01
  -4.6433000e+00   2.9001400e+01   2.2189000e+01
  -4.6568000e+00   2.6659400e+01   2.1474200e+01
  -4.5190000e+00   2.4245200e+01   2.0940100e+01
  -4.3227000e+00   2.1740000e+01   2.0776500e+01
  -4.1933000e+00   1.9212400e+01   2.0829500e+01
  -4.1480000e+00   1.6686900e+01   2.1036900e+01
  -4.1744000e+00   1.4170700e+01   2.1300000e+01
  -4.2074000e+00   1.1628000e+01   2.1359400e+01
  -4.2397000e+00   9.1167000e+00   2.1414200e+01
  -2.2325000e+00   3.2993600e+01   2.2700900e+01
  -2.2516000e+00   3.0608000e+01   2.2515600e+01
  -2.2517000e+00   2.8173600e+01   2.2275300e+01
  -2.2633000e+00   2.5956400e+01   2.1476900e+01
  -2.0904000e+00   2.3653300e+01   2.0881900e+01
  -1.8447000e+00   2.1242000e+01   2.0712500e+01
  -1.6820000e+00   1.8804500e+01   2.0786500e+01
  -1.6275000e+00   1.6369500e+01   2.1031300e+01
  -1.6649000e+00   1.3945700e+01   2.1335400e+01
  -1.6991000e+00   1.1490000e+01   2.1403700e+01
  -1.7324000e+00   9.0642000e+00   2.1467300e+01
   1.2797000e-01   3.1947700e+01   2.2725900e+01
   1.1561000e-01   2.9643700e+01   2.2581700e+01
   1.2276000e-01   2.7301900e+01   2.2356000e+01
   1.1502000e-01   2.5216000e+01   2.1470900e+01
   3.2532000e-01   2.3030000e+01   2.0812600e+01
   6.2279000e-01   2.0718400e+01   2.0635900e+01
   8.2112000e-01   1.8377000e+01   2.0729000e+01
   8.8690000e-01   1.6038600e+01   2.1009500e+01
   8.4070000e-01   1.3713200e+01   2.1353100e+01
   8.0754000e-01   1.1350500e+01   2.1428000e+01
   7.7523000e-01   9.0136000e+00   2.1498600e+01
   2.4680000e+00   3.0856900e+01   2.2756600e+01
   2.4649000e+00   2.8635800e+01   2.2650000e+01
   2.4814000e+00   2.6391600e+01   2.2436500e+01
   2.4792000e+00   2.4443100e+01   2.1459900e+01
   2.7291000e+00   2.2379800e+01   2.0734700e+01
   3.0807000e+00   2.0173300e+01   2.0547600e+01
   3.3167000e+00   1.7933400e+01   2.0656600e+01
   3.3958000e+00   1.5697100e+01   2.0969500e+01
   3.3426000e+00   1.3475700e+01   2.1349800e+01
   3.3125000e+00   1.1211300e+01   2.1427600e+01
   3.2832000e+00   8.9664000e+00   2.1501900e+01
   4.7898000e+00   2.9728400e+01   2.2805600e+01
   4.7982000e+00   2.7591300e+01   2.2730800e+01
   4.8258000e+00   2.5449300e+01   2.2524500e+01
   4.8305000e+00   2.3643800e+01   2.1449200e+01
   5.1221000e+00   2.1708400e+01   2.0650800e+01
   5.5298000e+00   1.9611900e+01   2.0447800e+01
   5.8054000e+00   1.7478500e+01   2.0567000e+01
   5.8995000e+00   1.5349400e+01   2.0906800e+01
   5.8408000e+00   1.3237100e+01   2.1318400e+01
   5.8156000e+00   1.1076100e+01   2.1392800e+01
   5.7909000e+00   8.9259000e+00   2.1465100e+01
   7.0969000e+00   2.8572900e+01   2.2898800e+01
   7.1195000e+00   2.6520200e+01   2.2844500e+01
   7.1603000e+00   2.4484300e+01   2.2635100e+01
   7.1732000e+00   2.2827000e+01   2.1447900e+01
   7.5082000e+00   2.1024000e+01   2.0564400e+01
   7.9738000e+00   1.9042100e+01   2.0334500e+01
   8.2901000e+00   1.7020000e+01   2.0452600e+01
   8.4001000e+00   1.5002900e+01   2.0808000e+01
   8.3363000e+00   1.3004800e+01   2.1240100e+01
   8.3165000e+00   1.0952000e+01   2.1299200e+01
   8.2967000e+00   8.8992000e+00   2.1358200e+01
