   3.3000200e+01   2.2984900e+01   2.4500700e+01
   3.3305400e+01   2.1677700e+01   2.3862200e+01
   3.3744500e+01   2.0340400e+01   2.3375100e+01
   3.4023900e+01   1.8922000e+01   2.3027400e+01
   3.4083500e+01   1.7442000e+01   2.2910600e+01
   3.3988400e+01   1.5965800e+01   2.3070900e+01
   3.3896700e+01   1.4496900e+01   2.3301600e+01
   3.3866100e+01   1.3016200e+01   2.3462600e+01
   3.3876900e+01   1.1529500e+01   2.3557800e+01
   3.3879600e+01   1.0039500e+01   2.3562800e+01
   3.3882400e+01   8.5496000e+00   2.3567900e+01
   3.5720100e+01   2.2622500e+01   2.4586300e+01
   3.6007500e+01   2.1282000e+01   2.4027000e+01
   3.6404000e+01   1.9975800e+01   2.3630000e+01
   3.6657200e+01   1.8593100e+01   2.3362400e+01
   3.6712000e+01   1.7154700e+01   2.3305000e+01
   3.6621500e+01   1.5720300e+01   2.3500800e+01
   3.6531600e+01   1.4293600e+01   2.3760600e+01
   3.6491800e+01   1.2862600e+01   2.3967600e+01
   3.6497200e+01   1.1420900e+01   2.4109500e+01
   3.6522300e+01   9.9714000e+00   2.4112900e+01
   3.6581700e+01   8.4726000e+00   2.4095000e+01
   3.8438400e+01   2.2255100e+01   2.4696300e+01
   3.8714000e+01   2.0890200e+01   2.4220500e+01
   3.9073100e+01   1.9611900e+01   2.3912400e+01
   3.9304700e+01   1.8263300e+01   2.3724500e+01
   3.9358100e+01   1.6865300e+01   2.3725700e+01
   3.9274400e+01   1.5471200e+01   2.3954600e+01
   3.9186000e+01   1.4085500e+01   2.4241000e+01
   3.9134500e+01   1.2703000e+01   2.4492100e+01
   3.9129900e+01   1.1305100e+01   2.4678200e+01
   3.9171400e+01   9.8947000e+00   2.4678200e+01
   3.9278400e+01   8.3952000e+00   2.4634700e+01
   4.1154200e+01   2.1880700e+01   2.4839200e+01
   4.1415500e+01   2.0502100e+01   2.4450100e+01
   4.1736000e+01   1.9249400e+01   2.4230000e+01
   4.1945800e+01   1.7933300e+01   2.4121400e+01
   4.1998200e+01   1.6574800e+01   2.4180700e+01
   4.1922300e+01   1.5219600e+01   2.4440600e+01
   4.1835700e+01   1.3873100e+01   2.4752400e+01
   4.1772700e+01   1.2537500e+01   2.5046700e+01
   4.1758300e+01   1.1182100e+01   2.5275200e+01
   4.1816300e+01   9.8088000e+00   2.5272000e+01
   4.1969300e+01   8.3179000e+00   2.5202900e+01
   4.3866100e+01   2.1496800e+01   2.5025400e+01
   4.4110300e+01   2.0115700e+01   2.4725500e+01
   4.4391100e+01   1.8885900e+01   2.4592100e+01
   4.4578800e+01   1.7601300e+01   2.4562600e+01
   4.4630500e+01   1.6281000e+01   2.4679500e+01
   4.4563200e+01   1.4963400e+01   2.4968900e+01
   4.4478700e+01   1.3655000e+01   2.5304800e+01
   4.4404400e+01   1.2364700e+01   2.5641200e+01
   4.4380400e+01   1.1050400e+01   2.5910500e+01
   4.4455100e+01   9.7122000e+00   2.5904600e+01
   4.4651500e+01   8.2406000e+00   2.5810500e+01
   4.6571800e+01   2.1100500e+01   2.5266100e+01
   4.6797100e+01   1.9728800e+01   2.5053400e+01
   4.7038200e+01   1.8519700e+01   2.5002500e+01
   4.7204300e+01   1.7266000e+01   2.5048300e+01
   4.7256100e+01   1.5983600e+01   2.5218900e+01
   4.7198900e+01   1.4702900e+01   2.5532800e+01
   4.7117600e+01   1.3431900e+01   2.5888600e+01
   4.7033000e+01   1.2185900e+01   2.6262600e+01
   4.7000500e+01   1.0912000e+01   2.6567100e+01
   4.7093000e+01   9.6075000e+00   2.6555600e+01
   4.7330200e+01   8.1677000e+00   2.6433900e+01
   4.9266900e+01   2.0686900e+01   2.5584300e+01
   4.9471000e+01   1.9336400e+01   2.5457800e+01
   4.9671900e+01   1.8146200e+01   2.5486800e+01
   4.9816400e+01   1.6922800e+01   2.5606000e+01
   4.9868600e+01   1.5677800e+01   2.5828300e+01
   4.9822300e+01   1.4433600e+01   2.6164000e+01
   4.9744300e+01   1.3199400e+01   2.6537300e+01
   4.9650200e+01   1.1996900e+01   2.6946300e+01
   4.9609900e+01   1.0762700e+01   2.7282300e+01
   4.9720400e+01   9.4906000e+00   2.7264400e+01
   4.9994800e+01   8.0960000e+00   2.7115000e+01
   5.1943000e+01   2.0249200e+01   2.6010300e+01
   5.2123400e+01   1.8932100e+01   2.5968900e+01
   5.2283600e+01   1.7759600e+01   2.6075900e+01
   5.2406100e+01   1.6566800e+01   2.6267200e+01
   5.2458500e+01   1.5359600e+01   2.6540000e+01
   5.2423300e+01   1.4152000e+01   2.6895500e+01
   5.2348800e+01   1.2955000e+01   2.7284900e+01
   5.2245300e+01   1.1795600e+01   2.7726600e+01
   5.2197700e+01   1.0601400e+01   2.8090900e+01
   5.2326200e+01   9.3613000e+00   2.8066600e+01
   5.2633400e+01   8.0264000e+00   2.7890600e+01
   5.4581600e+01   1.9776200e+01   2.6598300e+01
   5.4736600e+01   1.8505700e+01   2.6637300e+01
   5.4856500e+01   1.7351500e+01   2.6817700e+01
   5.4957100e+01   1.6191200e+01   2.7076900e+01
   5.5010100e+01   1.5023600e+01   2.7395900e+01
   5.4986800e+01   1.3854400e+01   2.7766700e+01
   5.4916300e+01   1.2696600e+01   2.8168000e+01
   5.4804500e+01   1.1581600e+01   2.8637400e+01
   5.4750900e+01   1.0428900e+01   2.9023500e+01
   5.4898000e+01   9.2222000e+00   2.8990100e+01
   5.5233700e+01   7.9635000e+00   2.8785900e+01
   5.7144700e+01   1.9251800e+01   2.7425300e+01
   5.7271800e+01   1.8042900e+01   2.7540900e+01
   5.7350800e+01   1.6910600e+01   2.7791800e+01
   5.7429000e+01   1.5786900e+01   2.8116200e+01
   5.7481900e+01   1.4663200e+01   2.8478800e+01
   5.7470300e+01   1.3536800e+01   2.8862100e+01
   5.7403400e+01   1.2422600e+01   2.9273100e+01
   5.7283700e+01   1.1355700e+01   2.9766400e+01
   5.7224800e+01   1.0248800e+01   3.0169400e+01
   5.7390200e+01   9.0798000e+00   3.0125800e+01
   5.7749000e+01   7.9157000e+00   2.9894200e+01
   5.9564800e+01   1.8659200e+01   2.8572800e+01
   5.9648400e+01   1.7531700e+01   2.8764400e+01
   5.9674700e+01   1.6430000e+01   2.9087300e+01
   5.9719600e+01   1.5351600e+01   2.9479600e+01
   5.9763100e+01   1.4279800e+01   2.9889800e+01
   5.9756100e+01   1.3203800e+01   3.0291200e+01
   5.9687500e+01   1.2140400e+01   3.0718900e+01
   5.9557100e+01   1.1127700e+01   3.1243200e+01
   5.9492400e+01   1.0072500e+01   3.1670400e+01
   5.9676100e+01   8.9475000e+00   3.1629500e+01
   6.0054600e+01   7.8972000e+00   3.1386900e+01
