   6.9632000e+00   4.1626400e+01   2.9604400e+01
   7.0285000e+00   4.0587000e+01   2.8471400e+01
   7.0576000e+00   3.9570400e+01   2.7316400e+01
   7.0638000e+00   3.8521200e+01   2.6190900e+01
   7.0650000e+00   3.7385200e+01   2.5154100e+01
   7.0766000e+00   3.6082800e+01   2.4339100e+01
   7.0940000e+00   3.4652700e+01   2.3779200e+01
   7.1058000e+00   3.3157300e+01   2.3420000e+01
   7.1055000e+00   3.1637300e+01   2.3180300e+01
   7.0997000e+00   3.0107700e+01   2.3011900e+01
   7.0969000e+00   2.8572900e+01   2.2898800e+01
   9.5247000e+00   4.0583500e+01   2.9583300e+01
   9.4969000e+00   3.9564500e+01   2.8446400e+01
   9.4319000e+00   3.8617300e+01   2.7317400e+01
   9.3737000e+00   3.7589800e+01   2.6225600e+01
   9.3298000e+00   3.6452400e+01   2.5244400e+01
   9.3150000e+00   3.5141400e+01   2.4489000e+01
   9.3228000e+00   3.3701500e+01   2.3979400e+01
   9.3422000e+00   3.2195300e+01   2.3654900e+01
   9.3678000e+00   3.0648400e+01   2.3430900e+01
   9.4011000e+00   2.9131300e+01   2.3258500e+01
   9.4858000e+00   2.7386200e+01   2.3103800e+01
   1.1984600e+01   3.9317200e+01   2.9612600e+01
   1.1983600e+01   3.8320900e+01   2.8483300e+01
   1.1918800e+01   3.7442400e+01   2.7387200e+01
   1.1864500e+01   3.6446500e+01   2.6338200e+01
   1.1821200e+01   3.5326100e+01   2.5423300e+01
   1.1804100e+01   3.4034900e+01   2.4737000e+01
   1.1806400e+01   3.2623300e+01   2.4285800e+01
   1.1817500e+01   3.1153500e+01   2.4002900e+01
   1.1832700e+01   2.9638000e+01   2.3800800e+01
   1.1847700e+01   2.8198800e+01   2.3629600e+01
   1.1930500e+01   2.6357000e+01   2.3439900e+01
   1.4456300e+01   3.8076800e+01   2.9695400e+01
   1.4494000e+01   3.7131700e+01   2.8573600e+01
   1.4446100e+01   3.6334400e+01   2.7505200e+01
   1.4410200e+01   3.5388100e+01   2.6495100e+01
   1.4380600e+01   3.4303900e+01   2.5642800e+01
   1.4372200e+01   3.3055900e+01   2.5020800e+01
   1.4378100e+01   3.1698700e+01   2.4622000e+01
   1.4388400e+01   3.0293300e+01   2.4374400e+01
   1.4399600e+01   2.8841600e+01   2.4188300e+01
   1.4403000e+01   2.7507100e+01   2.4012200e+01
   1.4483800e+01   2.5644000e+01   2.3784500e+01
   1.7013600e+01   3.7027200e+01   2.9802800e+01
   1.7081500e+01   3.6139600e+01   2.8682100e+01
   1.7049300e+01   3.5413300e+01   2.7629900e+01
   1.7030000e+01   3.4512300e+01   2.6648600e+01
   1.7012900e+01   3.3461100e+01   2.5847900e+01
   1.7012200e+01   3.2255500e+01   2.5277500e+01
   1.7020800e+01   3.0952900e+01   2.4917200e+01
   1.7029700e+01   2.9612700e+01   2.4689800e+01
   1.7036200e+01   2.8228700e+01   2.4504500e+01
   1.7028700e+01   2.6991800e+01   2.4307200e+01
   1.7102400e+01   2.5154500e+01   2.4027500e+01
   1.9637200e+01   3.6155600e+01   2.9915000e+01
   1.9725600e+01   3.5325300e+01   2.8790300e+01
   1.9707500e+01   3.4651500e+01   2.7744900e+01
   1.9701100e+01   3.3782700e+01   2.6784000e+01
   1.9693400e+01   3.2751300e+01   2.6025600e+01
   1.9696800e+01   3.1575700e+01   2.5496300e+01
   1.9704500e+01   3.0315700e+01   2.5162800e+01
   1.9708400e+01   2.9027200e+01   2.4943600e+01
   1.9706300e+01   2.7700100e+01   2.4747100e+01
   1.9685300e+01   2.6535800e+01   2.4516300e+01
   1.9743900e+01   2.4756500e+01   2.4176600e+01
   2.2299600e+01   3.5409400e+01   3.0025300e+01
   2.2400200e+01   3.4635800e+01   2.8895300e+01
   2.2395800e+01   3.3995700e+01   2.7850400e+01
   2.2399900e+01   3.3146000e+01   2.6905100e+01
   2.2399400e+01   3.2120800e+01   2.6183000e+01
   2.2404400e+01   3.0962200e+01   2.5687900e+01
   2.2408600e+01   2.9731300e+01   2.5373400e+01
   2.2404900e+01   2.8479900e+01   2.5154600e+01
   2.2391300e+01   2.7197900e+01   2.4939700e+01
   2.2355400e+01   2.6079900e+01   2.4667800e+01
   2.2392700e+01   2.4389500e+01   2.4266500e+01
   2.4981500e+01   3.4736100e+01   3.0132800e+01
   2.5087200e+01   3.4021000e+01   2.8999300e+01
   2.5097200e+01   3.3399800e+01   2.7951400e+01
   2.5110700e+01   3.2559600e+01   2.7020100e+01
   2.5116600e+01   3.1530800e+01   2.6330700e+01
   2.5122100e+01   3.0379400e+01   2.5865500e+01
   2.5121400e+01   2.9167600e+01   2.5565400e+01
   2.5108900e+01   2.7942200e+01   2.5342100e+01
   2.5082400e+01   2.6697000e+01   2.5104500e+01
   2.5031900e+01   2.5603400e+01   2.4787200e+01
   2.5044000e+01   2.4034300e+01   2.4327600e+01
   2.7674200e+01   3.4106100e+01   3.0237100e+01
   2.7777700e+01   3.3452200e+01   2.9104300e+01
   2.7802500e+01   3.2837900e+01   2.8052100e+01
   2.7824400e+01   3.2000000e+01   2.7134800e+01
   2.7835900e+01   3.0960900e+01   2.6476100e+01
   2.7841200e+01   2.9809800e+01   2.6038300e+01
   2.7835300e+01   2.8609700e+01   2.5749600e+01
   2.7813800e+01   2.7402100e+01   2.5519000e+01
   2.7774300e+01   2.6187700e+01   2.5256300e+01
   2.7710500e+01   2.5101000e+01   2.4891100e+01
   2.7696100e+01   2.3684000e+01   2.4380000e+01
   3.0373000e+01   3.3502400e+01   3.0338200e+01
   3.0459700e+01   3.2913700e+01   2.9211500e+01
   3.0492600e+01   3.2298700e+01   2.8154800e+01
   3.0516600e+01   3.1459100e+01   2.7252300e+01
   3.0530000e+01   3.0406100e+01   2.6623000e+01
   3.0533500e+01   2.9250600e+01   2.6210800e+01
   3.0523500e+01   2.8056500e+01   2.5931500e+01
   3.0496600e+01   2.6859600e+01   2.5691800e+01
   3.0449900e+01   2.5670400e+01   2.5402500e+01
   3.0381400e+01   2.4575700e+01   2.4988700e+01
   3.0348300e+01   2.3335000e+01   2.4435300e+01
   3.3075400e+01   3.2914800e+01   3.0435900e+01
   3.3030300e+01   3.2417100e+01   2.9318900e+01
   3.2990700e+01   3.1814200e+01   2.8256800e+01
   3.2961100e+01   3.0984200e+01   2.7368900e+01
   3.2943900e+01   2.9925000e+01   2.6766000e+01
   3.2935100e+01   2.8766600e+01   2.6376500e+01
   3.2931700e+01   2.7573400e+01   2.6104800e+01
   3.2931800e+01   2.6375100e+01   2.5855500e+01
   3.2933400e+01   2.5192900e+01   2.5541000e+01
   3.2942000e+01   2.4060000e+01   2.5081800e+01
   3.3000200e+01   2.2984900e+01   2.4500700e+01
