   6.7672000e+00   4.4402500e+01   3.7593600e+01
   6.7587000e+00   4.4397500e+01   3.6713100e+01
   6.7455000e+00   4.4375200e+01   3.5833000e+01
   6.7316000e+00   4.4320900e+01   3.4954400e+01
   6.7217000e+00   4.4216300e+01   3.4080600e+01
   6.7219000e+00   4.4037100e+01   3.3218900e+01
   6.7431000e+00   4.3737300e+01   3.2392600e+01
   6.7869000e+00   4.3312900e+01   3.1624000e+01
   6.8444000e+00   4.2796400e+01   3.0914300e+01
   6.9054000e+00   4.2225000e+01   3.0247500e+01
   6.9632000e+00   4.1626400e+01   2.9604400e+01
   9.3893000e+00   4.3351700e+01   3.7623800e+01
   9.4194000e+00   4.3324600e+01   3.6749500e+01
   9.4380000e+00   4.3280300e+01   3.5871900e+01
   9.4467000e+00   4.3206500e+01   3.4995100e+01
   9.4497000e+00   4.3085400e+01   3.4123600e+01
   9.4523000e+00   4.2893600e+01   3.3265000e+01
   9.4637000e+00   4.2593000e+01   3.2440300e+01
   9.4854000e+00   4.2181300e+01   3.1668600e+01
   9.5099000e+00   4.1688300e+01   3.0950600e+01
   9.5277000e+00   4.1148300e+01   3.0269000e+01
   9.5247000e+00   4.0583500e+01   2.9583300e+01
   1.1911100e+01   4.2078000e+01   3.7691300e+01
   1.1927000e+01   4.2044700e+01   3.6826300e+01
   1.1934300e+01   4.1991600e+01   3.5953000e+01
   1.1934500e+01   4.1908600e+01   3.5079900e+01
   1.1931100e+01   4.1777300e+01   3.4212200e+01
   1.1929000e+01   4.1576000e+01   3.3357800e+01
   1.1936300e+01   4.1272700e+01   3.2535200e+01
   1.1954000e+01   4.0867200e+01   3.1760700e+01
   1.1975600e+01   4.0387100e+01   3.1033900e+01
   1.1992100e+01   3.9863800e+01   3.0336800e+01
   1.1984600e+01   3.9317200e+01   2.9612600e+01
   1.4428900e+01   4.0796600e+01   3.7767500e+01
   1.4434700e+01   4.0760000e+01   3.6915700e+01
   1.4433900e+01   4.0702200e+01   3.6050200e+01
   1.4428000e+01   4.0613600e+01   3.5184500e+01
   1.4420200e+01   4.0476000e+01   3.4324300e+01
   1.4415000e+01   4.0269100e+01   3.3477600e+01
   1.4418800e+01   3.9966500e+01   3.2660600e+01
   1.4432900e+01   3.9570000e+01   3.1887000e+01
   1.4451500e+01   3.9105300e+01   3.1155400e+01
   1.4466200e+01   3.8601400e+01   3.0447200e+01
   1.4456300e+01   3.8076800e+01   2.9695400e+01
   1.7015600e+01   3.9660600e+01   3.7827700e+01
   1.7014400e+01   3.9627200e+01   3.6991000e+01
   1.7007700e+01   3.9571300e+01   3.6136400e+01
   1.6997800e+01   3.9483600e+01   3.5281200e+01
   1.6987400e+01   3.9345600e+01   3.4431600e+01
   1.6980300e+01   3.9138400e+01   3.3595600e+01
   1.6982000e+01   3.8840900e+01   3.2787400e+01
   1.6993400e+01   3.8456600e+01   3.2018100e+01
   1.7009800e+01   3.8009900e+01   3.1285700e+01
   1.7023400e+01   3.7527600e+01   3.0571300e+01
   1.7013600e+01   3.7027200e+01   2.9802800e+01
   1.9662500e+01   3.8671200e+01   3.7869400e+01
   1.9654900e+01   3.8644000e+01   3.7047500e+01
   1.9642800e+01   3.8593900e+01   3.6205100e+01
   1.9629300e+01   3.8511000e+01   3.5362000e+01
   1.9616600e+01   3.8376300e+01   3.4524600e+01
   1.9608000e+01   3.8172500e+01   3.3700800e+01
   1.9607900e+01   3.7883100e+01   3.2902900e+01
   1.9617100e+01   3.7513800e+01   3.2139800e+01
   1.9631700e+01   3.7087500e+01   3.1408600e+01
   1.9644900e+01   3.6629400e+01   3.0691100e+01
   1.9637200e+01   3.6155600e+01   2.9915000e+01
   2.2349000e+01   3.7793600e+01   3.7896400e+01
   2.2334500e+01   3.7773900e+01   3.7087800e+01
   2.2316700e+01   3.7731200e+01   3.6258000e+01
   2.2299200e+01   3.7654800e+01   3.5427500e+01
   2.2284000e+01   3.7525300e+01   3.4602900e+01
   2.2273500e+01   3.7326700e+01   3.3791800e+01
   2.2271400e+01   3.7046800e+01   3.3004900e+01
   2.2278200e+01   3.6693400e+01   3.2248800e+01
   2.2291000e+01   3.6288600e+01   3.1520000e+01
   2.2304000e+01   3.5855600e+01   3.0801400e+01
   2.2299600e+01   3.5409400e+01   3.0025300e+01
   2.5056800e+01   3.6983600e+01   3.7914200e+01
   2.5034500e+01   3.6971400e+01   3.7116500e+01
   2.5010500e+01   3.6936700e+01   3.6299100e+01
   2.4988700e+01   3.6867700e+01   3.5481300e+01
   2.4970500e+01   3.6744100e+01   3.4669600e+01
   2.4957800e+01   3.6551400e+01   3.3871300e+01
   2.4953300e+01   3.6281400e+01   3.3095400e+01
   2.4957600e+01   3.5944300e+01   3.2346600e+01
   2.4968400e+01   3.5561300e+01   3.1620700e+01
   2.4981400e+01   3.5154100e+01   3.0902500e+01
   2.4981500e+01   3.4736100e+01   3.0132800e+01
   2.7777200e+01   3.6216900e+01   3.7925900e+01
   2.7746100e+01   3.6212200e+01   3.7136300e+01
   2.7715500e+01   3.6185500e+01   3.6330900e+01
   2.7689200e+01   3.6124000e+01   3.5525600e+01
   2.7667700e+01   3.6006500e+01   3.4726600e+01
   2.7652400e+01   3.5819900e+01   3.3940700e+01
   2.7645400e+01   3.5559700e+01   3.3175700e+01
   2.7646900e+01   3.5238500e+01   3.2434100e+01
   2.7655600e+01   3.4877100e+01   3.1711200e+01
   2.7668500e+01   3.4495700e+01   3.0994300e+01
   2.7674200e+01   3.4106100e+01   3.0237100e+01
   3.0506000e+01   3.5480400e+01   3.7933100e+01
   3.0462900e+01   3.5483300e+01   3.7148400e+01
   3.0423800e+01   3.5464800e+01   3.6354400e+01
   3.0391200e+01   3.5411100e+01   3.5561400e+01
   3.0365300e+01   3.5299600e+01   3.4774500e+01
   3.0347000e+01   3.5118700e+01   3.4000800e+01
   3.0337300e+01   3.4867600e+01   3.3246300e+01
   3.0336600e+01   3.4561300e+01   3.2511800e+01
   3.0344100e+01   3.4220300e+01   3.1792000e+01
   3.0358500e+01   3.3863700e+01   3.1077000e+01
   3.0373000e+01   3.3502400e+01   3.0338200e+01
   3.3240600e+01   3.4765600e+01   3.7936800e+01
   3.3237900e+01   3.4762000e+01   3.7153700e+01
   3.3232800e+01   3.4740200e+01   3.6371000e+01
   3.3224700e+01   3.4685900e+01   3.5590000e+01
   3.3212800e+01   3.4575100e+01   3.4815200e+01
   3.3197200e+01   3.4397600e+01   3.4053200e+01
   3.3178200e+01   3.4156200e+01   3.3309000e+01
   3.3156200e+01   3.3868700e+01   3.2581200e+01
   3.3131400e+01   3.3555100e+01   3.1864100e+01
   3.3104300e+01   3.3233300e+01   3.1150700e+01
   3.3075400e+01   3.2914800e+01   3.0435900e+01
   6.7672340e+00   4.4402496e+01   3.8714828e+01
   9.3893709e+00   4.3351905e+01   3.8714828e+01
   1.1911213e+01   4.2078428e+01   3.8714828e+01
   1.4428951e+01   4.0797109e+01   3.8714828e+01
   1.7015725e+01   3.9660929e+01   3.8714828e+01
   1.9662665e+01   3.8671348e+01   3.8714828e+01
   2.2348941e+01   3.7793551e+01   3.8714828e+01
   2.5056714e+01   3.6983221e+01   3.8714828e+01
   2.7777095e+01   3.6216167e+01   3.8714828e+01
   3.0505832e+01   3.5479343e+01   3.8714828e+01
   3.3240359e+01   3.4764287e+01   3.8714828e+01
