  -4.3716300e+01   4.9839200e+01   3.7090500e+01
  -4.3718200e+01   4.9812700e+01   3.5907700e+01
  -4.3722700e+01   4.9771100e+01   3.4725400e+01
  -4.3729500e+01   4.9712500e+01   3.3543900e+01
  -4.3738400e+01   4.9634300e+01   3.2363500e+01
  -4.3749400e+01   4.9533300e+01   3.1184800e+01
  -4.3762200e+01   4.9405500e+01   3.0008700e+01
  -4.3776500e+01   4.9242300e+01   2.8837100e+01
  -4.3792000e+01   4.9035800e+01   2.7672500e+01
  -4.3807800e+01   4.8772600e+01   2.6519300e+01
  -4.3823300e+01   4.8433800e+01   2.5385900e+01
  -4.1040200e+01   4.9737900e+01   3.7264500e+01
  -4.0995600e+01   4.9698100e+01   3.6139600e+01
  -4.0963300e+01   4.9638800e+01   3.5020500e+01
  -4.0945700e+01   4.9560100e+01   3.3900900e+01
  -4.0942800e+01   4.9460100e+01   3.2780100e+01
  -4.0955000e+01   4.9335800e+01   3.1658200e+01
  -4.0982000e+01   4.9183100e+01   3.0536000e+01
  -4.1023600e+01   4.8993700e+01   2.9415600e+01
  -4.1079300e+01   4.8759200e+01   2.8300800e+01
  -4.1147200e+01   4.8468700e+01   2.7200300e+01
  -4.1215000e+01   4.8121300e+01   2.6141300e+01
  -3.8361900e+01   4.9649400e+01   3.7408200e+01
  -3.8338900e+01   4.9601300e+01   3.6322000e+01
  -3.8325000e+01   4.9529100e+01   3.5245300e+01
  -3.8322000e+01   4.9434500e+01   3.4169500e+01
  -3.8329700e+01   4.9316100e+01   3.3093600e+01
  -3.8348200e+01   4.9171200e+01   3.2018300e+01
  -3.8377300e+01   4.8995900e+01   3.0944400e+01
  -3.8417200e+01   4.8781700e+01   2.9874800e+01
  -3.8467600e+01   4.8519800e+01   2.8814800e+01
  -3.8526500e+01   4.8201600e+01   2.7776900e+01
  -3.8578000e+01   4.7842500e+01   2.6804200e+01
  -3.5682000e+01   4.9567500e+01   3.7524400e+01
  -3.5673200e+01   4.9512900e+01   3.6474900e+01
  -3.5672000e+01   4.9429900e+01   3.5436000e+01
  -3.5678500e+01   4.9321600e+01   3.4399100e+01
  -3.5692600e+01   4.9187200e+01   3.3363200e+01
  -3.5714400e+01   4.9024300e+01   3.2329000e+01
  -3.5743700e+01   4.8828900e+01   3.1297700e+01
  -3.5780900e+01   4.8592600e+01   3.0272900e+01
  -3.5826000e+01   4.8305900e+01   2.9261100e+01
  -3.5876900e+01   4.7962100e+01   2.8278500e+01
  -3.5917900e+01   4.7590400e+01   2.7380200e+01
  -3.3001100e+01   4.9485600e+01   3.7614900e+01
  -3.3004200e+01   4.9426500e+01   3.6598300e+01
  -3.3013700e+01   4.9335200e+01   3.5592400e+01
  -3.3028000e+01   4.9215800e+01   3.4589300e+01
  -3.3046600e+01   4.9068000e+01   3.3588200e+01
  -3.3069600e+01   4.8889600e+01   3.2590000e+01
  -3.3097100e+01   4.8676800e+01   3.1596300e+01
  -3.3129500e+01   4.8421000e+01   3.0611000e+01
  -3.3167100e+01   4.8112400e+01   2.9642000e+01
  -3.3208300e+01   4.7744800e+01   2.8708400e+01
  -3.3239400e+01   4.7357900e+01   2.7873700e+01
  -3.0319800e+01   4.9396900e+01   3.7682300e+01
  -3.0333200e+01   4.9335300e+01   3.6694700e+01
  -3.0352000e+01   4.9238300e+01   3.5717300e+01
  -3.0372400e+01   4.9110400e+01   3.4743500e+01
  -3.0394000e+01   4.8951700e+01   3.3772700e+01
  -3.0416700e+01   4.8760500e+01   3.2805800e+01
  -3.0440700e+01   4.8533100e+01   3.1845000e+01
  -3.0466800e+01   4.8260800e+01   3.0894500e+01
  -3.0495500e+01   4.7932800e+01   2.9963500e+01
  -3.0525600e+01   4.7543200e+01   2.9072900e+01
  -3.0547000e+01   4.7137600e+01   2.8290800e+01
  -2.7638400e+01   4.9295300e+01   3.7729900e+01
  -2.7661400e+01   4.9233100e+01   3.6767800e+01
  -2.7688400e+01   4.9132700e+01   3.5815200e+01
  -2.7714000e+01   4.8998700e+01   3.4866800e+01
  -2.7737300e+01   4.8831800e+01   3.3922400e+01
  -2.7758600e+01   4.8630400e+01   3.2983100e+01
  -2.7778100e+01   4.8391000e+01   3.2051100e+01
  -2.7796700e+01   4.8104800e+01   3.1131400e+01
  -2.7815300e+01   4.7760100e+01   3.0233900e+01
  -2.7833400e+01   4.7349900e+01   2.9380900e+01
  -2.7844600e+01   4.6921500e+01   2.8640600e+01
  -2.4957700e+01   4.9174500e+01   3.7760400e+01
  -2.4990500e+01   4.9113700e+01   3.6820600e+01
  -2.5025000e+01   4.9012200e+01   3.5889500e+01
  -2.5054800e+01   4.8874700e+01   3.4963100e+01
  -2.5079100e+01   4.8702000e+01   3.4041500e+01
  -2.5098000e+01   4.8492900e+01   3.3126200e+01
  -2.5112100e+01   4.8244300e+01   3.2219600e+01
  -2.5122200e+01   4.7946900e+01   3.1326900e+01
  -2.5130000e+01   4.7588100e+01   3.0458900e+01
  -2.5135400e+01   4.7158600e+01   2.9638400e+01
  -2.5135200e+01   4.6702600e+01   2.8929200e+01
  -2.2278100e+01   4.9026400e+01   3.7775500e+01
  -2.2321200e+01   4.8968900e+01   3.6855000e+01
  -2.2362600e+01   4.8868700e+01   3.5942100e+01
  -2.2395800e+01   4.8730000e+01   3.5034400e+01
  -2.2420300e+01   4.8554000e+01   3.4132500e+01
  -2.2436300e+01   4.8339800e+01   3.3237800e+01
  -2.2444300e+01   4.8084500e+01   3.2353100e+01
  -2.2445500e+01   4.7778800e+01   3.1484000e+01
  -2.2441800e+01   4.7408600e+01   3.0641900e+01
  -2.2434100e+01   4.6961400e+01   2.9849300e+01
  -2.2421200e+01   4.6472700e+01   2.9160500e+01
  -1.9600600e+01   4.8846200e+01   3.7778800e+01
  -1.9659500e+01   4.8794300e+01   3.6875400e+01
  -1.9710800e+01   4.8697900e+01   3.5978300e+01
  -1.9749700e+01   4.8560600e+01   3.5086600e+01
  -1.9775700e+01   4.8383700e+01   3.4201500e+01
  -1.9788700e+01   4.8166700e+01   3.3324900e+01
  -1.9789600e+01   4.7907300e+01   3.2459400e+01
  -1.9779600e+01   4.7595600e+01   3.1611000e+01
  -1.9761400e+01   4.7216400e+01   3.0791500e+01
  -1.9736800e+01   4.6752600e+01   3.0023100e+01
  -1.9705200e+01   4.6225100e+01   2.9344100e+01
  -1.6925800e+01   4.8627900e+01   3.7772700e+01
  -1.6925200e+01   4.8577100e+01   3.6886500e+01
  -1.6924200e+01   4.8481200e+01   3.6004000e+01
  -1.6923300e+01   4.8343400e+01   3.5127200e+01
  -1.6922900e+01   4.8165400e+01   3.4257600e+01
  -1.6923400e+01   4.7947000e+01   3.3397200e+01
  -1.6925800e+01   4.7686500e+01   3.2548700e+01
  -1.6931600e+01   4.7373700e+01   3.1718100e+01
  -1.6943600e+01   4.6991900e+01   3.0917600e+01
  -1.6964000e+01   4.6518600e+01   3.0168400e+01
  -1.6989000e+01   4.5952700e+01   2.9486100e+01
  -4.4953094e+01   4.8672279e+01   2.5316950e+01
  -4.4949452e+01   4.9008003e+01   2.6473889e+01
  -4.4942962e+01   4.9261391e+01   2.7643882e+01
  -4.4934826e+01   4.9449778e+01   2.8820673e+01
  -4.4925991e+01   4.9588876e+01   3.0000953e+01
  -4.4917178e+01   4.9690517e+01   3.1182553e+01
  -4.4908932e+01   4.9763493e+01   3.2364760e+01
  -4.4901720e+01   4.9814695e+01   3.3546748e+01
  -4.4895951e+01   4.9849851e+01   3.4728514e+01
  -4.4891997e+01   4.9873819e+01   3.5910160e+01
  -4.4890389e+01   4.9890256e+01   3.7089734e+01
  -4.4890896e+01   4.9901485e+01   3.8714828e+01
  -4.3715835e+01   4.9850077e+01   3.8714828e+01
  -4.1039845e+01   4.9746853e+01   3.8714828e+01
  -3.8361699e+01   4.9656708e+01   3.8714828e+01
  -3.5681933e+01   4.9573287e+01   3.8714828e+01
  -3.3001038e+01   4.9490138e+01   3.8714828e+01
  -3.0319516e+01   4.9400413e+01   3.8714828e+01
  -2.7638457e+01   4.9297880e+01   3.8714828e+01
  -2.4957638e+01   4.9176278e+01   3.8714828e+01
  -2.2278191e+01   4.9027600e+01   3.8714828e+01
  -1.9600440e+01   4.8846918e+01   3.8714828e+01
  -1.6925808e+01   4.8628265e+01   3.8714828e+01
