  -4.3823300e+01   4.8433800e+01   2.5385900e+01
  -4.3840000e+01   4.7843000e+01   2.4019000e+01
  -4.3846000e+01   4.7053600e+01   2.2757400e+01
  -4.3828200e+01   4.6008600e+01   2.1701000e+01
  -4.3790100e+01   4.4770600e+01   2.0877400e+01
  -4.3742200e+01   4.3411000e+01   2.0270500e+01
  -4.3701200e+01   4.1997600e+01   1.9800400e+01
  -4.3683800e+01   4.0551200e+01   1.9440400e+01
  -4.3701000e+01   3.9091100e+01   1.9140900e+01
  -4.3754600e+01   3.7622800e+01   1.8888400e+01
  -4.3821700e+01   3.6147600e+01   1.8684200e+01
  -4.1215000e+01   4.8121300e+01   2.6141300e+01
  -4.1159800e+01   4.7624900e+01   2.4967000e+01
  -4.1113100e+01   4.6926300e+01   2.3793900e+01
  -4.1066100e+01   4.6006100e+01   2.2757400e+01
  -4.1021800e+01   4.4910600e+01   2.1903100e+01
  -4.0989900e+01   4.3696300e+01   2.1227100e+01
  -4.0984100e+01   4.2416500e+01   2.0677500e+01
  -4.1017400e+01   4.1094000e+01   2.0230000e+01
  -4.1096500e+01   3.9751000e+01   1.9849600e+01
  -4.1214800e+01   3.8413800e+01   1.9527700e+01
  -4.1316900e+01   3.7181900e+01   1.9283000e+01
  -3.8578000e+01   4.7842500e+01   2.6804200e+01
  -3.8552400e+01   4.7407300e+01   2.5751000e+01
  -3.8532300e+01   4.6776200e+01   2.4631000e+01
  -3.8509700e+01   4.5952000e+01   2.3598200e+01
  -3.8486700e+01   4.4971000e+01   2.2712200e+01
  -3.8471300e+01   4.3877800e+01   2.1980300e+01
  -3.8475000e+01   4.2714200e+01   2.1370900e+01
  -3.8508300e+01   4.1503900e+01   2.0864700e+01
  -3.8575500e+01   4.0272800e+01   2.0437100e+01
  -3.8666400e+01   3.9062600e+01   2.0083300e+01
  -3.8722100e+01   3.8002900e+01   1.9826300e+01
  -3.5917900e+01   4.7590400e+01   2.7380200e+01
  -3.5908100e+01   4.7196800e+01   2.6427700e+01
  -3.5900900e+01   4.6619500e+01   2.5358600e+01
  -3.5889900e+01   4.5874400e+01   2.4335000e+01
  -3.5876600e+01   4.4990100e+01   2.3426700e+01
  -3.5868300e+01   4.3999800e+01   2.2651000e+01
  -3.5874600e+01   4.2935600e+01   2.1991800e+01
  -3.5903900e+01   4.1819900e+01   2.1436500e+01
  -3.5958600e+01   4.0681400e+01   2.0968900e+01
  -3.6027200e+01   3.9570700e+01   2.0587400e+01
  -3.6059800e+01   3.8617100e+01   2.0314200e+01
  -3.3239400e+01   4.7357900e+01   2.7873700e+01
  -3.3241800e+01   4.6984200e+01   2.7001200e+01
  -3.3243900e+01   4.6442400e+01   2.5976100e+01
  -3.3239900e+01   4.5757200e+01   2.4963200e+01
  -3.3231300e+01   4.4950000e+01   2.4038800e+01
  -3.3224500e+01   4.4043200e+01   2.3228500e+01
  -3.3227800e+01   4.3060100e+01   2.2528700e+01
  -3.3247900e+01   4.2020400e+01   2.1933900e+01
  -3.3285600e+01   4.0954000e+01   2.1434700e+01
  -3.3331100e+01   3.9915400e+01   2.1031800e+01
  -3.3348100e+01   3.9023700e+01   2.0744900e+01
  -3.0547000e+01   4.7137600e+01   2.8290800e+01
  -3.0559100e+01   4.6764200e+01   2.7480000e+01
  -3.0568600e+01   4.6241200e+01   2.6492000e+01
  -3.0569000e+01   4.5599200e+01   2.5490800e+01
  -3.0562100e+01   4.4852200e+01   2.4555900e+01
  -3.0553600e+01   4.4012200e+01   2.3719200e+01
  -3.0550800e+01   4.3093600e+01   2.2987100e+01
  -3.0558900e+01   4.2112300e+01   2.2361700e+01
  -3.0578200e+01   4.1098300e+01   2.1838500e+01
  -3.0601100e+01   4.0106300e+01   2.1420400e+01
  -3.0607300e+01   3.9244300e+01   2.1123600e+01
  -2.7844600e+01   4.6921500e+01   2.8640600e+01
  -2.7866000e+01   4.6529000e+01   2.7873700e+01
  -2.7882500e+01   4.6008500e+01   2.6915400e+01
  -2.7886300e+01   4.5395000e+01   2.5926400e+01
  -2.7879400e+01   4.4693800e+01   2.4985400e+01
  -2.7867700e+01   4.3905800e+01   2.4129100e+01
  -2.7857400e+01   4.3036800e+01   2.3371900e+01
  -2.7852600e+01   4.2097700e+01   2.2723300e+01
  -2.7853200e+01   4.1117700e+01   2.2183200e+01
  -2.7854400e+01   4.0149100e+01   2.1755800e+01
  -2.7851500e+01   3.9291700e+01   2.1453100e+01
  -2.5135200e+01   4.6702600e+01   2.8929200e+01
  -2.5167900e+01   4.6269700e+01   2.8187300e+01
  -2.5192400e+01   4.5736200e+01   2.7251700e+01
  -2.5199800e+01   4.5138400e+01   2.6274700e+01
  -2.5193000e+01   4.4470500e+01   2.5331400e+01
  -2.5177800e+01   4.3721600e+01   2.4461200e+01
  -2.5159900e+01   4.2888900e+01   2.3685000e+01
  -2.5142600e+01   4.1977100e+01   2.3020400e+01
  -2.5125100e+01   4.1014200e+01   2.2470100e+01
  -2.5105300e+01   4.0048000e+01   2.2039200e+01
  -2.5092600e+01   3.9172400e+01   2.1734600e+01
  -2.2421200e+01   4.6472700e+01   2.9160500e+01
  -2.2469800e+01   4.5974800e+01   2.8422800e+01
  -2.2504100e+01   4.5415200e+01   2.7503300e+01
  -2.2516000e+01   4.4823700e+01   2.6538900e+01
  -2.2509900e+01   4.4180300e+01   2.5597100e+01
  -2.2492300e+01   4.3460800e+01   2.4718500e+01
  -2.2468300e+01   4.2654300e+01   2.3929000e+01
  -2.2440400e+01   4.1757500e+01   2.3255500e+01
  -2.2407100e+01   4.0797800e+01   2.2701900e+01
  -2.2367700e+01   3.9816000e+01   2.2274300e+01
  -2.2340300e+01   3.8899200e+01   2.1971600e+01
  -1.9705200e+01   4.6225100e+01   2.9344100e+01
  -1.9787600e+01   4.5633500e+01   2.8584800e+01
  -1.9842600e+01   4.5040100e+01   2.7676600e+01
  -1.9867000e+01   4.4451300e+01   2.6725900e+01
  -1.9867400e+01   4.3828500e+01   2.5789200e+01
  -1.9850600e+01   4.3133100e+01   2.4907100e+01
  -1.9821300e+01   4.2346100e+01   2.4109000e+01
  -1.9781700e+01   4.1454400e+01   2.3433300e+01
  -1.9729100e+01   4.0486200e+01   2.2883000e+01
  -1.9663200e+01   3.9472700e+01   2.2466000e+01
  -1.9602400e+01   3.8485500e+01   2.2167700e+01
  -1.6989000e+01   4.5952700e+01   2.9486100e+01
  -1.7005300e+01   4.5199500e+01   2.8670600e+01
  -1.6990200e+01   4.4548500e+01   2.7771900e+01
  -1.6960800e+01   4.3948500e+01   2.6838000e+01
  -1.6928300e+01   4.3338500e+01   2.5910800e+01
  -1.6901200e+01   4.2663400e+01   2.5030400e+01
  -1.6884000e+01   4.1897300e+01   2.4228200e+01
  -1.6878200e+01   4.1013900e+01   2.3557600e+01
  -1.6878500e+01   4.0045600e+01   2.3017200e+01
  -1.6881800e+01   3.9010000e+01   2.2619100e+01
  -1.6885200e+01   3.7939600e+01   2.2325300e+01
  -4.4837270e+01   3.6212542e+01   1.8466110e+01
  -4.4778717e+01   3.7690486e+01   1.8634155e+01
  -4.4743405e+01   3.9147500e+01   1.8837823e+01
  -4.4742902e+01   4.0607963e+01   1.9085981e+01
  -4.4769836e+01   4.2074197e+01   1.9411663e+01
  -4.4812963e+01   4.3519284e+01   1.9855259e+01
  -4.4864017e+01   4.4954279e+01   2.0495038e+01
  -4.4909253e+01   4.6232887e+01   2.1364884e+01
  -4.4938608e+01   4.7309189e+01   2.2554104e+01
  -4.4951922e+01   4.8102917e+01   2.3867117e+01
  -4.4953903e+01   4.8583611e+01   2.5023422e+01
