  -1.6925800e+01   4.8627900e+01   3.7772700e+01
  -1.6925200e+01   4.8577100e+01   3.6886500e+01
  -1.6924200e+01   4.8481200e+01   3.6004000e+01
  -1.6923300e+01   4.8343400e+01   3.5127200e+01
  -1.6922900e+01   4.8165400e+01   3.4257600e+01
  -1.6923400e+01   4.7947000e+01   3.3397200e+01
  -1.6925800e+01   4.7686500e+01   3.2548700e+01
  -1.6931600e+01   4.7373700e+01   3.1718100e+01
  -1.6943600e+01   4.6991900e+01   3.0917600e+01
  -1.6964000e+01   4.6518600e+01   3.0168400e+01
  -1.6989000e+01   4.5952700e+01   2.9486100e+01
  -1.4526200e+01   4.8393300e+01   3.7761000e+01
  -1.4494400e+01   4.8341300e+01   3.6874400e+01
  -1.4467700e+01   4.8246700e+01   3.5997500e+01
  -1.4448500e+01   4.8111500e+01   3.5127000e+01
  -1.4437000e+01   4.7935300e+01   3.4263900e+01
  -1.4433100e+01   4.7715300e+01   3.3410700e+01
  -1.4437000e+01   4.7446700e+01   3.2572000e+01
  -1.4449900e+01   4.7119900e+01   3.1754800e+01
  -1.4474900e+01   4.6722700e+01   3.0970400e+01
  -1.4514800e+01   4.6239900e+01   3.0237200e+01
  -1.4567700e+01   4.5682500e+01   2.9580900e+01
  -1.2130200e+01   4.8123600e+01   3.7744800e+01
  -1.2109000e+01   4.8075800e+01   3.6858000e+01
  -1.2090900e+01   4.7987500e+01   3.5985600e+01
  -1.2078200e+01   4.7859000e+01   3.5120000e+01
  -1.2070500e+01   4.7687700e+01   3.4261900e+01
  -1.2067200e+01   4.7468500e+01   3.3414400e+01
  -1.2067400e+01   4.7193100e+01   3.2583700e+01
  -1.2072200e+01   4.6852900e+01   3.1778100e+01
  -1.2085100e+01   4.6439600e+01   3.1008100e+01
  -1.2110100e+01   4.5945000e+01   3.0289100e+01
  -1.2148600e+01   4.5386000e+01   2.9650400e+01
  -9.7385000e+00   4.7819000e+01   3.7725000e+01
  -9.7254000e+00   4.7776300e+01   3.6838200e+01
  -9.7143000e+00   4.7695400e+01   3.5969000e+01
  -9.7070000e+00   4.7574700e+01   3.5107100e+01
  -9.7025000e+00   4.7409700e+01   3.4252600e+01
  -9.6994000e+00   4.7192700e+01   3.3409400e+01
  -9.6960000e+00   4.6912100e+01   3.2585300e+01
  -9.6932000e+00   4.6559800e+01   3.1789800e+01
  -9.6949000e+00   4.6132100e+01   3.1032500e+01
  -9.7061000e+00   4.5626600e+01   3.0325700e+01
  -9.7324000e+00   4.5062400e+01   2.9697400e+01
  -7.3516000e+00   4.7478800e+01   3.7702700e+01
  -7.3459000e+00   4.7442000e+01   3.6815900e+01
  -7.3419000e+00   4.7369500e+01   3.5949100e+01
  -7.3399000e+00   4.7257800e+01   3.5089500e+01
  -7.3386000e+00   4.7100200e+01   3.4237200e+01
  -7.3358000e+00   4.6886600e+01   3.3396900e+01
  -7.3288000e+00   4.6601900e+01   3.2577800e+01
  -7.3183000e+00   4.6238700e+01   3.1791000e+01
  -7.3086000e+00   4.5797500e+01   3.1044800e+01
  -7.3058000e+00   4.5281700e+01   3.0348300e+01
  -7.3200000e+00   4.4709900e+01   2.9724500e+01
  -4.9704000e+00   4.7101200e+01   3.7678800e+01
  -4.9718000e+00   4.7071000e+01   3.6792300e+01
  -4.9748000e+00   4.7007700e+01   3.5926700e+01
  -4.9783000e+00   4.6905800e+01   3.5068100e+01
  -4.9803000e+00   4.6756600e+01   3.4216700e+01
  -4.9777000e+00   4.6547400e+01   3.3377700e+01
  -4.9672000e+00   4.6259600e+01   3.2562100e+01
  -4.9488000e+00   4.5886100e+01   3.1782400e+01
  -4.9276000e+00   4.5432100e+01   3.1045800e+01
  -4.9107000e+00   4.4906300e+01   3.0357800e+01
  -4.9123000e+00   4.4325700e+01   2.9733900e+01
  -2.5960000e+00   4.6682800e+01   3.7654300e+01
  -2.6045000e+00   4.6659600e+01   3.6768400e+01
  -2.6147000e+00   4.6606100e+01   3.5903000e+01
  -2.6238000e+00   4.6514800e+01   3.5044100e+01
  -2.6291000e+00   4.6374800e+01   3.4192100e+01
  -2.6271000e+00   4.6171000e+01   3.3352600e+01
  -2.6130000e+00   4.5880600e+01   3.2539000e+01
  -2.5868000e+00   4.5497300e+01   3.1764800e+01
  -2.5540000e+00   4.5030700e+01   3.1036400e+01
  -2.5227000e+00   4.4494800e+01   3.0355100e+01
  -2.5107000e+00   4.3905300e+01   2.9727800e+01
  -2.3027000e-01   4.6218000e+01   3.7630800e+01
  -2.4626000e-01   4.6202200e+01   3.6745900e+01
  -2.6381000e-01   4.6159000e+01   3.5879500e+01
  -2.7872000e-01   4.6078700e+01   3.5018800e+01
  -2.8766000e-01   4.5948500e+01   3.4164500e+01
  -2.8638000e-01   4.5750800e+01   3.3322900e+01
  -2.6893000e-01   4.5458200e+01   3.2509400e+01
  -2.3487000e-01   4.5064900e+01   3.1739200e+01
  -1.9043000e-01   4.4585600e+01   3.1017300e+01
  -1.4453000e-01   4.4039600e+01   3.0341200e+01
  -1.1712000e-01   4.3441800e+01   2.9708300e+01
   2.1238000e+00   4.5697300e+01   3.7610200e+01
   2.0996000e+00   4.5689200e+01   3.6726800e+01
   2.0744000e+00   4.5656500e+01   3.5858200e+01
   2.0534000e+00   4.5587500e+01   3.4994000e+01
   2.0406000e+00   4.5467400e+01   3.4135700e+01
   2.0407000e+00   4.5276300e+01   3.3290100e+01
   2.0613000e+00   4.4981600e+01   3.2474700e+01
   2.1031000e+00   4.4578000e+01   3.1706700e+01
   2.1590000e+00   4.4085300e+01   3.0989900e+01
   2.2197000e+00   4.3528600e+01   3.0317400e+01
   2.2652000e+00   4.2924100e+01   2.9678300e+01
   4.4605000e+00   4.5103700e+01   3.7595700e+01
   4.4255000e+00   4.5104100e+01   3.6714500e+01
   4.3911000e+00   4.5082400e+01   3.5842100e+01
   4.3627000e+00   4.5025000e+01   3.4972700e+01
   4.3449000e+00   4.4915400e+01   3.4108600e+01
   4.3432000e+00   4.4731300e+01   3.3256800e+01
   4.3667000e+00   4.4434100e+01   3.2437300e+01
   4.4165000e+00   4.4018800e+01   3.1669800e+01
   4.4847000e+00   4.3511400e+01   3.0956400e+01
   4.5613000e+00   4.2942500e+01   3.0285900e+01
   4.6301000e+00   4.2332500e+01   2.9641300e+01
   6.7672000e+00   4.4402500e+01   3.7593600e+01
   6.7587000e+00   4.4397500e+01   3.6713100e+01
   6.7455000e+00   4.4375200e+01   3.5833000e+01
   6.7316000e+00   4.4320900e+01   3.4954400e+01
   6.7217000e+00   4.4216300e+01   3.4080600e+01
   6.7219000e+00   4.4037100e+01   3.3218900e+01
   6.7431000e+00   4.3737300e+01   3.2392600e+01
   6.7869000e+00   4.3312900e+01   3.1624000e+01
   6.8444000e+00   4.2796400e+01   3.0914300e+01
   6.9054000e+00   4.2225000e+01   3.0247500e+01
   6.9632000e+00   4.1626400e+01   2.9604400e+01
  -1.6925808e+01   4.8628265e+01   3.8714828e+01
  -1.4526224e+01   4.8393440e+01   3.8714828e+01
  -1.2130336e+01   4.8123532e+01   3.8714828e+01
  -9.7386325e+00   4.7818792e+01   3.8714828e+01
  -7.3517293e+00   4.7478522e+01   3.8714828e+01
  -4.9704596e+00   4.7100872e+01   3.8714828e+01
  -2.5960186e+00   4.6682473e+01   3.8714828e+01
  -2.3023378e-01   4.6217679e+01   3.8714828e+01
   2.1236264e+00   4.5697057e+01   3.8714828e+01
   4.4596762e+00   4.5103739e+01   3.8715691e+01
   6.7672340e+00   4.4402496e+01   3.8714828e+01
