  -4.3821700e+01   3.6147600e+01   1.8684200e+01
  -4.3876400e+01   3.3491600e+01   1.8405400e+01
  -4.3812200e+01   3.0828600e+01   1.8205900e+01
  -4.3723200e+01   2.8160500e+01   1.8110000e+01
  -4.3680200e+01   2.5489500e+01   1.8086900e+01
  -4.3674000e+01   2.2818100e+01   1.8096900e+01
  -4.3637100e+01   2.0147100e+01   1.8131400e+01
  -4.3528600e+01   1.7478500e+01   1.8187400e+01
  -4.3442500e+01   1.4809900e+01   1.8222700e+01
  -4.3426600e+01   1.2138400e+01   1.8228600e+01
  -4.3410800e+01   9.4670000e+00   1.8234600e+01
  -4.1316900e+01   3.7181900e+01   1.9283000e+01
  -4.1462800e+01   3.4415500e+01   1.8951300e+01
  -4.1474500e+01   3.1606400e+01   1.8707000e+01
  -4.1436200e+01   2.8809100e+01   1.8568000e+01
  -4.1415300e+01   2.6023500e+01   1.8509600e+01
  -4.1405300e+01   2.3249800e+01   1.8496200e+01
  -4.1344300e+01   2.0486900e+01   1.8516600e+01
  -4.1193000e+01   1.7734200e+01   1.8566300e+01
  -4.1033700e+01   1.4986500e+01   1.8605300e+01
  -4.0913100e+01   1.2240400e+01   1.8618900e+01
  -4.0762700e+01   9.5160000e+00   1.8637600e+01
  -3.8722100e+01   3.8002900e+01   1.9826300e+01
  -3.8833700e+01   3.5196800e+01   1.9475000e+01
  -3.8831300e+01   3.2301200e+01   1.9209300e+01
  -3.8785500e+01   2.9416700e+01   1.9040500e+01
  -3.8756300e+01   2.6544500e+01   1.8952100e+01
  -3.8737700e+01   2.3684600e+01   1.8915600e+01
  -3.8672600e+01   2.0836400e+01   1.8918900e+01
  -3.8524100e+01   1.7999000e+01   1.8956300e+01
  -3.8365900e+01   1.5167800e+01   1.8989200e+01
  -3.8248300e+01   1.2339300e+01   1.8995200e+01
  -3.8109200e+01   9.5486000e+00   1.9004900e+01
  -3.6059800e+01   3.8617100e+01   2.0314200e+01
  -3.6130100e+01   3.5784200e+01   1.9947100e+01
  -3.6106500e+01   3.2827400e+01   1.9664900e+01
  -3.6049200e+01   2.9880100e+01   1.9470400e+01
  -3.6011700e+01   2.6944000e+01   1.9355600e+01
  -3.5988700e+01   2.4019300e+01   1.9298500e+01
  -3.5927900e+01   2.1105400e+01   1.9286500e+01
  -3.5794600e+01   1.8202000e+01   1.9312900e+01
  -3.5653700e+01   1.5304700e+01   1.9340200e+01
  -3.5558700e+01   1.2410700e+01   1.9338200e+01
  -3.5451200e+01   9.5659000e+00   1.9338800e+01
  -3.3348100e+01   3.9023700e+01   2.0744900e+01
  -3.3381000e+01   3.6173200e+01   2.0363700e+01
  -3.3339000e+01   3.3177000e+01   2.0068100e+01
  -3.3273300e+01   3.0188700e+01   1.9851000e+01
  -3.3231100e+01   2.7210300e+01   1.9712500e+01
  -3.3208100e+01   2.4241800e+01   1.9637600e+01
  -3.3156500e+01   2.1283200e+01   1.9612700e+01
  -3.3043500e+01   1.8334200e+01   1.9630700e+01
  -3.2925600e+01   1.5391300e+01   1.9654600e+01
  -3.2859400e+01   1.2451700e+01   1.9646800e+01
  -3.2789200e+01   9.5687000e+00   1.9640400e+01
  -3.0607300e+01   3.9244300e+01   2.1123600e+01
  -3.0605800e+01   3.6381800e+01   2.0729200e+01
  -3.0547300e+01   3.3364800e+01   2.0422600e+01
  -3.0475400e+01   3.0354700e+01   2.0185300e+01
  -3.0430900e+01   2.7353100e+01   2.0025600e+01
  -3.0410800e+01   2.4360200e+01   1.9935200e+01
  -3.0371200e+01   2.1376100e+01   1.9899900e+01
  -3.0281000e+01   1.8400800e+01   1.9911800e+01
  -3.0188700e+01   1.5431400e+01   1.9934900e+01
  -3.0154500e+01   1.2465400e+01   1.9923400e+01
  -3.0124100e+01   9.5588000e+00   1.9912500e+01
  -2.7851500e+01   3.9291700e+01   2.1453100e+01
  -2.7817000e+01   3.6421700e+01   2.1046300e+01
  -2.7743100e+01   3.3401300e+01   2.0731100e+01
  -2.7666000e+01   3.0387400e+01   2.0475700e+01
  -2.7620600e+01   2.7380800e+01   2.0297200e+01
  -2.7604500e+01   2.4381500e+01   2.0193700e+01
  -2.7578300e+01   2.1390000e+01   2.0150400e+01
  -2.7512100e+01   1.8406700e+01   2.0158700e+01
  -2.7446500e+01   1.5429100e+01   2.0183600e+01
  -2.7445800e+01   1.2454600e+01   2.0170700e+01
  -2.7456400e+01   9.5380000e+00   2.0157700e+01
  -2.5092600e+01   3.9172400e+01   2.1734600e+01
  -2.5025200e+01   3.6299300e+01   2.1316400e+01
  -2.4936100e+01   3.3292900e+01   2.0995000e+01
  -2.4853900e+01   3.0292900e+01   2.0723900e+01
  -2.4807700e+01   2.7299000e+01   2.0528900e+01
  -2.4796100e+01   2.4310800e+01   2.0414800e+01
  -2.4783500e+01   2.1329600e+01   2.0365700e+01
  -2.4741200e+01   1.8355700e+01   2.0373000e+01
  -2.4702100e+01   1.5387400e+01   2.0402000e+01
  -2.4735000e+01   1.2421800e+01   2.0390000e+01
  -2.4786600e+01   9.5077000e+00   2.0377100e+01
  -2.2340300e+01   3.8899200e+01   2.1971600e+01
  -2.2240600e+01   3.6026600e+01   2.1542600e+01
  -2.2137000e+01   3.3050500e+01   2.1217300e+01
  -2.2050100e+01   3.0081200e+01   2.0932700e+01
  -2.2003200e+01   2.7116500e+01   2.0723400e+01
  -2.1995600e+01   2.4156200e+01   2.0600800e+01
  -2.1995500e+01   2.1201600e+01   2.0548400e+01
  -2.1975400e+01   1.8253500e+01   2.0556900e+01
  -2.1960400e+01   1.5310800e+01   2.0592600e+01
  -2.2024500e+01   1.2370000e+01   2.0583500e+01
  -2.2115000e+01   9.4694000e+00   2.0573100e+01
  -1.9602400e+01   3.8485500e+01   2.2167700e+01
  -1.9483600e+01   3.5618200e+01   2.1727600e+01
  -1.9377500e+01   3.2689700e+01   2.1400300e+01
  -1.9295000e+01   2.9768200e+01   2.1103800e+01
  -1.9252500e+01   2.6849200e+01   2.0882000e+01
  -1.9249700e+01   2.3932100e+01   2.0753000e+01
  -1.9258400e+01   2.1019000e+01   2.0699400e+01
  -1.9252100e+01   1.8110900e+01   2.0711700e+01
  -1.9248800e+01   1.5207300e+01   2.0756900e+01
  -1.9329200e+01   1.2304600e+01   2.0753500e+01
  -1.9442100e+01   9.4251000e+00   2.0748300e+01
  -1.6885200e+01   3.7939600e+01   2.2325300e+01
  -1.6889300e+01   3.5111700e+01   2.1870600e+01
  -1.6883500e+01   3.2265500e+01   2.1540500e+01
  -1.6873600e+01   2.9417100e+01   2.1230800e+01
  -1.6873600e+01   2.6561600e+01   2.0995600e+01
  -1.6886000e+01   2.3699700e+01   2.0860400e+01
  -1.6887200e+01   2.0835000e+01   2.0807200e+01
  -1.6851100e+01   1.7970100e+01   2.0826800e+01
  -1.6786700e+01   1.5106500e+01   2.0887000e+01
  -1.6777400e+01   1.2241300e+01   2.0895900e+01
  -1.6768100e+01   9.3760000e+00   2.0904900e+01
  -1.6768317e+01   7.7946240e+00   2.0909490e+01
  -1.9442063e+01   7.7946240e+00   2.0748590e+01
  -2.2114625e+01   7.7946240e+00   2.0569150e+01
  -2.4786017e+01   7.7946240e+00   2.0369284e+01
  -2.7455324e+01   7.7946240e+00   2.0146627e+01
  -3.0122739e+01   7.7946240e+00   1.9899319e+01
  -3.2787659e+01   7.7946240e+00   1.9626450e+01
  -3.5449593e+01   7.7946240e+00   1.9325858e+01
  -3.8107923e+01   7.7946240e+00   1.8994931e+01
  -4.0761889e+01   7.7946240e+00   1.8632742e+01
  -4.3411012e+01   7.7946240e+00   1.8236687e+01
  -4.4552456e+01   7.7946240e+00   1.8054123e+01
  -4.4561899e+01   9.4596309e+00   1.8046611e+01
  -4.4577044e+01   1.2130887e+01   1.8034555e+01
  -4.4592197e+01   1.4802422e+01   1.8022499e+01
  -4.4676657e+01   1.7407157e+01   1.7952628e+01
  -4.4779202e+01   2.0116296e+01   1.7859791e+01
  -4.4811762e+01   2.2811621e+01   1.7826658e+01
  -4.4806796e+01   2.5496094e+01   1.7856833e+01
  -4.4833948e+01   2.8144498e+01   1.7937480e+01
  -4.4898612e+01   3.0813645e+01   1.8064590e+01
  -4.4924568e+01   3.3520775e+01   1.8239962e+01
  -4.4862076e+01   3.5633911e+01   1.8409376e+01
