   7.0969000e+00   2.8572900e+01   2.2898800e+01
   7.1195000e+00   2.6520200e+01   2.2844500e+01
   7.1603000e+00   2.4484300e+01   2.2635100e+01
   7.1732000e+00   2.2827000e+01   2.1447900e+01
   7.5082000e+00   2.1024000e+01   2.0564400e+01
   7.9738000e+00   1.9042100e+01   2.0334500e+01
   8.2901000e+00   1.7020000e+01   2.0452600e+01
   8.4001000e+00   1.5002900e+01   2.0808000e+01
   8.3363000e+00   1.3004800e+01   2.1240100e+01
   8.3165000e+00   1.0952000e+01   2.1299200e+01
   8.2967000e+00   8.8992000e+00   2.1358200e+01
   9.4858000e+00   2.7386200e+01   2.3103800e+01
   9.2390000e+00   2.5534900e+01   2.2872500e+01
   9.1298000e+00   2.3825400e+01   2.2697700e+01
   9.0298000e+00   2.2374600e+01   2.1441800e+01
   9.2972000e+00   2.0708400e+01   2.0572200e+01
   9.7143000e+00   1.8825700e+01   2.0356100e+01
   1.0028500e+01   1.6879100e+01   2.0450500e+01
   1.0204500e+01   1.4917700e+01   2.0753800e+01
   1.0269200e+01   1.2971400e+01   2.1152300e+01
   1.0474000e+01   1.1003900e+01   2.1133900e+01
   1.0865400e+01   8.9122000e+00   2.1083400e+01
   1.1930500e+01   2.6357000e+01   2.3439900e+01
   1.1756000e+01   2.4513800e+01   2.3004100e+01
   1.1680800e+01   2.3026800e+01   2.2832200e+01
   1.1570800e+01   2.1722600e+01   2.1527400e+01
   1.1809400e+01   2.0174800e+01   2.0687200e+01
   1.2175700e+01   1.8410400e+01   2.0487300e+01
   1.2461700e+01   1.6580000e+01   2.0550400e+01
   1.2652300e+01   1.4724000e+01   2.0779500e+01
   1.2751500e+01   1.2875300e+01   2.1109100e+01
   1.2995900e+01   1.1034200e+01   2.0986000e+01
   1.3431000e+01   8.9619000e+00   2.0793100e+01
   1.4483800e+01   2.5644000e+01   2.3784500e+01
   1.4463300e+01   2.3727700e+01   2.3171900e+01
   1.4486400e+01   2.2363900e+01   2.2992700e+01
   1.4419900e+01   2.1129100e+01   2.1680900e+01
   1.4651200e+01   1.9652100e+01   2.0890200e+01
   1.4966500e+01   1.7978500e+01   2.0719600e+01
   1.5206200e+01   1.6248200e+01   2.0772000e+01
   1.5372100e+01   1.4489300e+01   2.0953500e+01
   1.5448400e+01   1.2732600e+01   2.1243500e+01
   1.5650300e+01   1.1007600e+01   2.1079900e+01
   1.6012800e+01   8.9696000e+00   2.0843000e+01
   1.7102400e+01   2.5154500e+01   2.4027500e+01
   1.7263200e+01   2.3159600e+01   2.3300400e+01
   1.7407000e+01   2.1858600e+01   2.3120000e+01
   1.7408500e+01   2.0641500e+01   2.1856700e+01
   1.7638200e+01   1.9198300e+01   2.1142000e+01
   1.7899500e+01   1.7586800e+01   2.1017600e+01
   1.8082300e+01   1.5931700e+01   2.1081100e+01
   1.8202700e+01   1.4249200e+01   2.1239300e+01
   1.8230100e+01   1.2566400e+01   2.1506600e+01
   1.8352300e+01   1.0933900e+01   2.1337700e+01
   1.8583800e+01   8.9373000e+00   2.1098000e+01
   1.9743900e+01   2.4756500e+01   2.4176600e+01
   2.0093200e+01   2.2728500e+01   2.3387600e+01
   2.0366700e+01   2.1460400e+01   2.3201500e+01
   2.0450200e+01   2.0234600e+01   2.2034800e+01
   2.0678800e+01   1.8805100e+01   2.1415200e+01
   2.0884000e+01   1.7237800e+01   2.1346600e+01
   2.1005800e+01   1.5639300e+01   2.1434300e+01
   2.1071900e+01   1.4016200e+01   2.1581900e+01
   2.1041900e+01   1.2391700e+01   2.1827100e+01
   2.1070500e+01   1.0829500e+01   2.1664800e+01
   2.1145500e+01   8.8868000e+00   2.1432300e+01
   2.2392700e+01   2.4389500e+01   2.4266500e+01
   2.2919700e+01   2.2387900e+01   2.3456000e+01
   2.3323200e+01   2.1131900e+01   2.3248600e+01
   2.3495400e+01   1.9882600e+01   2.2214900e+01
   2.3720800e+01   1.8455900e+01   2.1700600e+01
   2.3868700e+01   1.6921800e+01   2.1690400e+01
   2.3929500e+01   1.5366900e+01   2.1808500e+01
   2.3939800e+01   1.3790500e+01   2.1952500e+01
   2.3853800e+01   1.2212500e+01   2.2171700e+01
   2.3787400e+01   1.0700500e+01   2.2024400e+01
   2.3701200e+01   8.8263000e+00   2.1809100e+01
   2.5044000e+01   2.4034300e+01   2.4327600e+01
   2.5719100e+01   2.2118400e+01   2.3527400e+01
   2.6242200e+01   2.0855700e+01   2.3277800e+01
   2.6501500e+01   1.9572300e+01   2.2403600e+01
   2.6717200e+01   1.8141100e+01   2.1998100e+01
   2.6806800e+01   1.6632400e+01   2.2043700e+01
   2.6809600e+01   1.5111100e+01   2.2194300e+01
   2.6768900e+01   1.3571300e+01   2.2339000e+01
   2.6637000e+01   1.2030200e+01   2.2527600e+01
   2.6485200e+01   1.0550300e+01   2.2402400e+01
   2.6252400e+01   8.7607000e+00   2.2214700e+01
   2.7696100e+01   2.3684000e+01   2.4380000e+01
   2.8460300e+01   2.1910400e+01   2.3615400e+01
   2.9072100e+01   2.0625100e+01   2.3302200e+01
   2.9400200e+01   1.9299900e+01   2.2604700e+01
   2.9591900e+01   1.7858800e+01   2.2307400e+01
   2.9620600e+01   1.6368900e+01   2.2403300e+01
   2.9572500e+01   1.4872700e+01   2.2585700e+01
   2.9495500e+01   1.3360400e+01   2.2733900e+01
   2.9343200e+01   1.1847100e+01   2.2888700e+01
   2.9135500e+01   1.0382200e+01   2.2793100e+01
   2.8799600e+01   8.6920000e+00   2.2644200e+01
   3.0348300e+01   2.3335000e+01   2.4435300e+01
   3.1074300e+01   2.1759100e+01   2.3725600e+01
   3.1693100e+01   2.0442900e+01   2.3329200e+01
   3.2038200e+01   1.9072300e+01   2.2815400e+01
   3.2176200e+01   1.7617300e+01   2.2620400e+01
   3.2138800e+01   1.6140200e+01   2.2757800e+01
   3.2055200e+01   1.4660700e+01   2.2968700e+01
   3.1976800e+01   1.3166800e+01   2.3122900e+01
   3.1860900e+01   1.1671000e+01   2.3244500e+01
   3.1674000e+01   1.0203400e+01   2.3189300e+01
   3.1342900e+01   8.6214000e+00   2.3095400e+01
   3.3000200e+01   2.2984900e+01   2.4500700e+01
   3.3305400e+01   2.1677700e+01   2.3862200e+01
   3.3744500e+01   2.0340400e+01   2.3375100e+01
   3.4023900e+01   1.8922000e+01   2.3027400e+01
   3.4083500e+01   1.7442000e+01   2.2910600e+01
   3.3988400e+01   1.5965800e+01   2.3070900e+01
   3.3896700e+01   1.4496900e+01   2.3301600e+01
   3.3866100e+01   1.3016200e+01   2.3462600e+01
   3.3876900e+01   1.1529500e+01   2.3557800e+01
   3.3879600e+01   1.0039500e+01   2.3562800e+01
   3.3882400e+01   8.5496000e+00   2.3567900e+01
   3.3882026e+01   7.7946240e+00   2.3570138e+01
   3.1342174e+01   7.7946240e+00   2.3100328e+01
   2.8798144e+01   7.7946240e+00   2.2652203e+01
   2.6250554e+01   7.7946240e+00   2.2226365e+01
   2.3698776e+01   7.7946240e+00   2.1824748e+01
   2.1142815e+01   7.7946240e+00   2.1452543e+01
   1.8580749e+01   7.7946240e+00   2.1123292e+01
   1.6010143e+01   7.7946240e+00   2.0873374e+01
   1.3432450e+01   7.7946240e+00   2.0826744e+01
   1.0869790e+01   7.7946240e+00   2.1115349e+01
   8.2991650e+00   7.7946240e+00   2.1388906e+01
