30.37299961 33.50239992 30.33819981
 27.67420001 34.10610184 30.23709916
 22.29960077 35.40939838 30.02529964
 24.98150058 34.73610058 30.13280034
 19.63719912 36.15560010 29.91499938
 17.01360010 37.02719882 29.80279922
 14.45630006 38.07679936 29.69539911
 11.98459975 39.31720182 29.61260080
 9.52470023 40.58349878 29.58329953
 6.96319994 41.62640125 29.60439958
 6.90540019 42.22499952 30.24750017
 33.07539970 32.91479871 30.43589927
 33.10430050 33.23329985 31.15070052
 17.06239954 36.85149923 31.22889996
 14.49079998 37.98820078 31.03910014
 11.99540030 39.36579823 30.80370091
 9.49690025 40.81289843 30.54199927
 9.43060033 41.31240025 31.20959923
 6.84439996 42.79639944 30.91429919
 30.42490035 33.69000182 31.32649884
 33.13139826 33.55510160 31.86409920
 25.04130080 34.60559994 31.46019951
 27.73120068 34.10080075 31.42390028
 30.45280091 34.15270150 32.03909844
 22.35930040 35.21090001 31.43930063
 19.69349943 35.94269976 31.36260062
 19.67870072 36.47330031 32.07160160
 17.03610085 37.38769889 31.93210065
 14.45220038 38.52299973 31.73299879
 11.94369979 39.89079967 31.48470074
 9.36730020 41.82050005 31.88280016
 6.78690011 43.31289977 31.62400052
 27.74819918 34.58650038 32.13499859
 30.47399968 34.61429849 32.72389993
 33.15620124 33.86870027 32.58119896
 25.04800074 35.11109948 32.17180073
 27.75740065 35.10259837 32.79320151
 22.34279923 36.32089868 32.78009966
 22.35550061 35.73109955 32.15070069
 25.04600026 35.67089885 32.81179816
 19.65570077 37.07930073 32.69730136
 17.00319909 37.99559921 32.56069869
 14.40929994 39.11630064 32.37050027
 11.89099997 40.45220092 32.13670105
 11.85110025 40.96350074 32.82909840
 9.31950007 42.27399826 32.60629997
 6.74310001 43.73729974 32.39259869
 33.17819908 34.15619954 33.30900148
 30.49129993 35.02510116 33.41729939
 25.04450083 36.18720174 33.46300125
 27.76479907 35.57249904 33.46079960
 22.33280055 36.86879948 33.42349827
 19.63780075 37.64370084 33.34140033
 16.97799936 38.56059909 33.21349993
 14.37690016 39.66410086 33.03970024
 14.36149981 40.13020173 33.75089914
 11.83180045 41.38949886 33.56920183
 9.29600000 42.63919964 33.38329867
 6.72189984 44.03709993 33.21890160
 33.19720179 34.39759836 34.05319899
 30.50550073 35.35990044 34.12820026
 27.77240053 35.96749902 34.14940089
 25.04630014 36.62789986 34.13860127
 19.62989941 38.13039884 34.01789814
 22.32939936 37.34020144 34.09520164
 16.96619950 39.04629871 33.90330076
 14.36270028 40.51069915 34.49200094
 11.83229964 41.72879830 34.34139863
 9.29590035 42.91690141 34.19480100
 6.72170008 44.21630129 34.08059850
 33.21279958 34.57510099 34.81519967
 27.77959965 36.27340123 34.85770151
 30.51589988 35.60269997 34.85690057
 25.05090088 36.98090091 34.83580053
 22.33220078 37.72509843 34.79040042
 19.63160001 38.53140026 34.71999988
 16.96749963 39.44670036 34.62079912
 16.97649993 39.78050128 35.35209969
 14.37409967 40.83000124 35.24700180
 11.84500009 42.01159999 35.12730077
 9.31019988 43.14430058 35.01969948
 6.73160003 44.32089999 34.95439887
 33.22469816 34.68589857 35.59000045
 30.52150086 35.75310111 35.59790179
 25.05590022 37.25240007 35.54610163
 27.78469957 36.49299964 35.57870165
 22.33769931 38.03329915 35.49909964
 25.05910024 37.44729981 36.26560047
 19.63849925 38.86070102 35.43579951
 22.34340087 38.26940060 36.21760011
 19.64740083 39.12390023 36.16150096
 16.98949933 40.05520046 36.09310091
 14.39119969 41.09830037 36.01089865
 11.86500024 42.25210100 35.92120111
 9.33349971 43.34000126 35.85140035
 6.74550002 44.37519982 35.83300114
 33.23280066 34.74019840 36.37100011
 30.51609918 35.79710051 37.10430115
 30.52150086 35.81919894 36.34579852
 27.78350003 36.66289896 37.05539927
 27.78610028 36.63250059 36.30790114
 25.05950071 37.51739860 37.00960055
 22.34759927 38.37279975 36.96440160
 19.65619996 39.25500065 36.91710159
 17.00359955 40.20769894 36.86299920
 14.41080030 41.26330093 36.80010140
 11.88850030 42.41599888 36.73439845
 9.36140027 43.49309951 36.69429943
 6.75870012 44.39749941 36.71310097
 30.50599992 35.48039868 37.93310001
 33.23790058 34.76199880 37.15369850
 33.24060142 34.76560116 37.93679923
 27.77720056 36.21689975 37.92589903
 25.05679987 36.98360175 37.91420162
 22.34899998 37.79359907 37.89639845
 19.66249943 38.67119923 37.86940128
 17.01560058 39.66059908 37.82770038
 14.42889962 40.79660028 37.76749969
 11.91109978 42.07799956 37.69129887
 6.76719984 44.40249875 37.59359941
 9.38929990 43.35169867 37.62380034