1 2 23
 12 1 13
 13 1 20
 20 1 23
 2 4 22
 2 22 23
 4 3 25
 3 5 26
 25 3 26
 22 4 25
 5 6 14
 5 14 26
 6 7 15
 14 6 15
 7 8 16
 15 7 16
 44 30 17
 9 10 17
 16 9 17
 10 11 18
 17 10 18
 18 11 31
 11 19 31
 13 20 21
 14 15 28
 26 14 27
 27 14 28
 15 16 29
 28 15 29
 16 17 30
 29 16 30
 17 18 44
 18 31 44
 31 19 32
 21 20 24
 20 23 24
 21 24 35
 23 22 33
 22 25 36
 33 22 36
 24 23 33
 24 33 34
 24 34 35
 25 26 39
 36 25 39
 26 27 39
 27 28 41
 27 38 39
 38 27 41
 28 29 42
 41 28 42
 29 30 43
 42 29 43
 43 30 44
 31 32 46
 44 31 45
 45 31 46
 46 32 47
 34 33 37
 33 36 37
 35 34 48
 34 37 49
 48 34 49
 37 36 40
 36 39 40
 37 40 51
 49 37 51
 39 38 40
 40 38 50
 38 41 52
 50 38 52
 40 50 51
 41 42 53
 52 41 53
 42 43 54
 53 42 54
 43 44 55
 54 43 55
 44 45 55
 45 46 57
 55 45 56
 56 45 57
 46 47 58
 57 46 58
 58 47 59
 48 49 60
 49 51 61
 60 49 61
 51 50 62
 50 52 63
 62 50 63
 61 51 62
 52 53 65
 63 52 65
 53 54 64
 53 64 65
 54 55 66
 64 54 66
 55 56 66
 56 57 67
 66 56 77
 56 67 77
 57 58 68
 67 57 68
 58 59 69
 68 58 69
 69 59 70
 60 61 71
 61 62 73
 71 61 73
 62 63 72
 62 72 73
 63 65 74
 72 63 74
 65 64 75
 64 66 76
 75 64 76
 74 65 75
 76 66 77
 67 68 79
 77 67 78
 78 67 79
 68 69 80
 79 68 80
 69 70 81
 80 69 81
 81 70 82
 71 73 83
 73 72 84
 72 74 86
 84 72 86
 83 73 84
 74 75 85
 74 85 86
 75 76 87
 85 75 87
 76 77 89
 87 76 89
 77 78 89
 78 79 92
 89 78 91
 91 78 92
 79 80 93
 92 79 93
 80 81 94
 93 80 94
 81 82 95
 94 81 95
 95 82 96
 83 84 97
 84 86 99
 97 84 99
 86 85 101
 85 87 88
 85 88 101
 99 86 101
 88 87 90
 87 89 90
 88 90 102
 88 100 101
 100 88 102
 90 89 91
 90 91 103
 102 90 103
 91 92 104
 103 91 104
 92 93 105
 104 92 105
 93 94 106
 105 93 106
 94 95 107
 106 94 107
 95 96 108
 107 95 108
 108 96 109
 98 97 99
 97 98 111
 98 99 100
 98 100 113
 98 110 111
 110 98 113
 100 99 101
 100 102 114
 113 100 114
 102 103 115
 114 102 115
 103 104 116
 115 103 116
 104 105 117
 116 104 117
 105 106 118
 117 105 118
 106 107 119
 118 106 119
 107 108 121
 108 109 121
 120 109 121
 121 107 119
 111 110 112
 8 9 16