   6.7765500e+01   2.6470300e+01   3.8212000e+01
   6.7764600e+01   2.6384400e+01   3.7126800e+01
   6.7762000e+01   2.6150100e+01   3.6061100e+01
   6.7758500e+01   2.5813700e+01   3.5023100e+01
   6.7754400e+01   2.5380100e+01   3.4022800e+01
   6.7749700e+01   2.4847000e+01   3.3070200e+01
   6.7745000e+01   2.4261500e+01   3.2149300e+01
   6.7740100e+01   2.3591400e+01   3.1288300e+01
   6.7735100e+01   2.2786300e+01   3.0557700e+01
   6.7729100e+01   2.1773600e+01   3.0175500e+01
   6.7722300e+01   2.0686000e+01   3.0169500e+01
   6.8607600e+01   2.6171600e+01   3.8218800e+01
   6.8649800e+01   2.6065900e+01   3.7168400e+01
   6.8680600e+01   2.5829800e+01   3.6173600e+01
   6.8706500e+01   2.5500500e+01   3.5200200e+01
   6.8726700e+01   2.5083200e+01   3.4261000e+01
   6.8740900e+01   2.4572700e+01   3.3366000e+01
   6.8749600e+01   2.4017600e+01   3.2497500e+01
   6.8752400e+01   2.3385900e+01   3.1681900e+01
   6.8749600e+01   2.2632600e+01   3.0977900e+01
   6.8739800e+01   2.1687700e+01   3.0597600e+01
   6.8726400e+01   2.0623000e+01   3.0568500e+01
   6.9414700e+01   2.5776500e+01   3.8226800e+01
   6.9466600e+01   2.5669100e+01   3.7230400e+01
   6.9503300e+01   2.5448000e+01   3.6314900e+01
   6.9536400e+01   2.5141000e+01   3.5415300e+01
   6.9564900e+01   2.4753700e+01   3.4547500e+01
   6.9588400e+01   2.4278400e+01   3.3721300e+01
   6.9607800e+01   2.3764200e+01   3.2918500e+01
   6.9622600e+01   2.3180200e+01   3.2163900e+01
   6.9633100e+01   2.2486500e+01   3.1505400e+01
   6.9637700e+01   2.1617600e+01   3.1146300e+01
   6.9642300e+01   2.0595200e+01   3.1112600e+01
   7.0193700e+01   2.5319900e+01   3.8236400e+01
   7.0252800e+01   2.5217400e+01   3.7309400e+01
   7.0294100e+01   2.5017300e+01   3.6477600e+01
   7.0332800e+01   2.4738700e+01   3.5657100e+01
   7.0367500e+01   2.4387200e+01   3.4865700e+01
   7.0397800e+01   2.3953800e+01   3.4113300e+01
   7.0424800e+01   2.3486600e+01   3.3381600e+01
   7.0448000e+01   2.2956200e+01   3.2693400e+01
   7.0467800e+01   2.2328100e+01   3.2087800e+01
   7.0482300e+01   2.1542200e+01   3.1755400e+01
   7.0499800e+01   2.0581500e+01   3.1721200e+01
   7.0963000e+01   2.4838700e+01   3.8247300e+01
   7.1025400e+01   2.4744200e+01   3.7400700e+01
   7.1068700e+01   2.4567200e+01   3.6653700e+01
   7.1110000e+01   2.4318700e+01   3.5914400e+01
   7.1148000e+01   2.4004700e+01   3.5201600e+01
   7.1182200e+01   2.3615200e+01   3.4524600e+01
   7.1213600e+01   2.3196100e+01   3.3866400e+01
   7.1242100e+01   2.2720400e+01   3.3247400e+01
   7.1267800e+01   2.2158700e+01   3.2698700e+01
   7.1289100e+01   2.1457000e+01   3.2395800e+01
   7.1315300e+01   2.0571700e+01   3.2362100e+01
   7.1721700e+01   2.4338300e+01   3.8259800e+01
   7.1783000e+01   2.4253400e+01   3.7503300e+01
   7.1825500e+01   2.4100500e+01   3.6841800e+01
   7.1866600e+01   2.3883000e+01   3.6185400e+01
   7.1904700e+01   2.3607100e+01   3.5553000e+01
   7.1939700e+01   2.3262600e+01   3.4953100e+01
   7.1972500e+01   2.2892000e+01   3.4370200e+01
   7.2003100e+01   2.2471500e+01   3.3822300e+01
   7.2031600e+01   2.1976300e+01   3.3334100e+01
   7.2056400e+01   2.1359000e+01   3.3062700e+01
   7.2087300e+01   2.0561800e+01   3.3030000e+01
   7.2461100e+01   2.3816700e+01   3.8274700e+01
   7.2517000e+01   2.3743200e+01   3.7616600e+01
   7.2556000e+01   2.3615200e+01   3.7041700e+01
   7.2593700e+01   2.3429400e+01   3.6470600e+01
   7.2629100e+01   2.3192300e+01   3.5920500e+01
   7.2661700e+01   2.2894000e+01   3.5399600e+01
   7.2692800e+01   2.2572500e+01   3.4894200e+01
   7.2722300e+01   2.2207500e+01   3.4419800e+01
   7.2750300e+01   2.1779100e+01   3.3995800e+01
   7.2775500e+01   2.1246500e+01   3.3758300e+01
   7.2806700e+01   2.0549100e+01   3.3727700e+01
   7.3165700e+01   2.3267300e+01   3.8293400e+01
   7.3211800e+01   2.3207400e+01   3.7741500e+01
   7.3244000e+01   2.3105700e+01   3.7255800e+01
   7.3275000e+01   2.2953000e+01   3.6773300e+01
   7.3303800e+01   2.2755800e+01   3.6309000e+01
   7.3330300e+01   2.2505300e+01   3.5870400e+01
   7.3355600e+01   2.2233600e+01   3.5446100e+01
   7.3379600e+01   2.1925100e+01   3.5049000e+01
   7.3402600e+01   2.1564000e+01   3.4694000e+01
   7.3423400e+01   2.1116300e+01   3.4494300e+01
   7.3449100e+01   2.0529500e+01   3.4468700e+01
   7.3794600e+01   2.2665000e+01   3.8320300e+01
   7.3824100e+01   2.2622600e+01   3.7884300e+01
   7.3843700e+01   2.2550100e+01   3.7493700e+01
   7.3861600e+01   2.2433700e+01   3.7106500e+01
   7.3877400e+01   2.2279200e+01   3.6734700e+01
   7.3890800e+01   2.2079500e+01   3.6384600e+01
   7.3903300e+01   2.1860400e+01   3.6047900e+01
   7.3914700e+01   2.1610900e+01   3.5734300e+01
   7.3925500e+01   2.1319600e+01   3.5455500e+01
   7.3934800e+01   2.0959000e+01   3.5299500e+01
   7.3947000e+01   2.0494000e+01   3.5283700e+01
   7.4247600e+01   2.1965900e+01   3.8361700e+01
   7.4254200e+01   2.1947600e+01   3.8047500e+01
   7.4256300e+01   2.1910700e+01   3.7756600e+01
   7.4257000e+01   2.1837400e+01   3.7469900e+01
   7.4256600e+01   2.1732600e+01   3.7195400e+01
   7.4255100e+01   2.1591300e+01   3.6938800e+01
   7.4253600e+01   2.1432000e+01   3.6694800e+01
   7.4252500e+01   2.1249000e+01   3.6469900e+01
   7.4252000e+01   2.1034800e+01   3.6273100e+01
   7.4251900e+01   2.0768800e+01   3.6166200e+01
   7.4253200e+01   2.0440200e+01   3.6164200e+01
   7.4535400e+01   2.1209300e+01   3.8386500e+01
   7.4535200e+01   2.1208700e+01   3.8211400e+01
   7.4534600e+01   2.1204000e+01   3.8036500e+01
   7.4531100e+01   2.1173600e+01   3.7864100e+01
   7.4525700e+01   2.1121100e+01   3.7697400e+01
   7.4518300e+01   2.1043600e+01   3.7540600e+01
   7.4510300e+01   2.0951700e+01   3.7391800e+01
   7.4502100e+01   2.0844500e+01   3.7253700e+01
   7.4494000e+01   2.0718300e+01   3.7133300e+01
   7.4486300e+01   2.0559100e+01   3.7064900e+01
   7.4476900e+01   2.0384800e+01   3.7061100e+01
