  -4.3716300e+01   4.9839200e+01   3.7090500e+01
  -4.3718200e+01   4.9812700e+01   3.5907700e+01
  -4.3722700e+01   4.9771100e+01   3.4725400e+01
  -4.3729500e+01   4.9712500e+01   3.3543900e+01
  -4.3738400e+01   4.9634300e+01   3.2363500e+01
  -4.3749400e+01   4.9533300e+01   3.1184800e+01
  -4.3762200e+01   4.9405500e+01   3.0008700e+01
  -4.3776500e+01   4.9242300e+01   2.8837100e+01
  -4.3792000e+01   4.9035800e+01   2.7672500e+01
  -4.3807800e+01   4.8772600e+01   2.6519300e+01
  -4.3823300e+01   4.8433800e+01   2.5385900e+01
  -4.1040200e+01   4.9833800e+01   3.7264500e+01
  -4.0995600e+01   4.9795300e+01   3.6139600e+01
  -4.0963300e+01   4.9734400e+01   3.5020500e+01
  -4.0945700e+01   4.9651700e+01   3.3900900e+01
  -4.0942800e+01   4.9545400e+01   3.2780100e+01
  -4.0955000e+01   4.9412700e+01   3.1658200e+01
  -4.0982000e+01   4.9249700e+01   3.0536000e+01
  -4.1023600e+01   4.9048200e+01   2.9415600e+01
  -4.1079300e+01   4.8800000e+01   2.8300800e+01
  -4.1147200e+01   4.8495300e+01   2.7200300e+01
  -4.1215000e+01   4.8137600e+01   2.6141300e+01
  -3.8361900e+01   4.9844500e+01   3.7408200e+01
  -3.8338900e+01   4.9795100e+01   3.6322000e+01
  -3.8325000e+01   4.9716700e+01   3.5245300e+01
  -3.8322000e+01   4.9611900e+01   3.4169500e+01
  -3.8329700e+01   4.9479700e+01   3.3093600e+01
  -3.8348200e+01   4.9317800e+01   3.2018300e+01
  -3.8377300e+01   4.9122300e+01   3.0944400e+01
  -3.8417200e+01   4.8885000e+01   2.9874800e+01
  -3.8467600e+01   4.8597600e+01   2.8814800e+01
  -3.8526500e+01   4.8253100e+01   2.7776900e+01
  -3.8578000e+01   4.7875500e+01   2.6804200e+01
  -3.5682000e+01   4.9865200e+01   3.7524400e+01
  -3.5673200e+01   4.9806600e+01   3.6474900e+01
  -3.5672000e+01   4.9712800e+01   3.5436000e+01
  -3.5678500e+01   4.9588100e+01   3.4399100e+01
  -3.5692600e+01   4.9432200e+01   3.3363200e+01
  -3.5714400e+01   4.9243300e+01   3.2329000e+01
  -3.5743700e+01   4.9017600e+01   3.1297700e+01
  -3.5780900e+01   4.8747100e+01   3.0272900e+01
  -3.5826000e+01   4.8422700e+01   2.9261100e+01
  -3.5876900e+01   4.8040000e+01   2.8278500e+01
  -3.5917900e+01   4.7640500e+01   2.7380200e+01
  -3.3001100e+01   4.9889100e+01   3.7614900e+01
  -3.3004200e+01   4.9823200e+01   3.6598300e+01
  -3.3013700e+01   4.9716300e+01   3.5592400e+01
  -3.3028000e+01   4.9574000e+01   3.4589300e+01
  -3.3046600e+01   4.9397000e+01   3.3588200e+01
  -3.3069600e+01   4.9183600e+01   3.2590000e+01
  -3.3097100e+01   4.8930300e+01   3.1596300e+01
  -3.3129500e+01   4.8629000e+01   3.0611000e+01
  -3.3167100e+01   4.8270100e+01   2.9642000e+01
  -3.3208300e+01   4.7850600e+01   2.8708400e+01
  -3.3239400e+01   4.7425600e+01   2.7873700e+01
  -3.0319800e+01   4.9909100e+01   3.7682300e+01
  -3.0333200e+01   4.9837800e+01   3.6694700e+01
  -3.0352000e+01   4.9720100e+01   3.5717300e+01
  -3.0372400e+01   4.9562900e+01   3.4743500e+01
  -3.0394000e+01   4.9367200e+01   3.3772700e+01
  -3.0416700e+01   4.9132000e+01   3.2805800e+01
  -3.0440700e+01   4.8853800e+01   3.1845000e+01
  -3.0466800e+01   4.8524500e+01   3.0894500e+01
  -3.0495500e+01   4.8133800e+01   2.9963500e+01
  -3.0525600e+01   4.7678800e+01   2.9072900e+01
  -3.0547000e+01   4.7223300e+01   2.8290800e+01
  -2.7638400e+01   4.9918800e+01   3.7729900e+01
  -2.7661400e+01   4.9843800e+01   3.6767800e+01
  -2.7688400e+01   4.9717800e+01   3.5815200e+01
  -2.7714000e+01   4.9548200e+01   3.4866800e+01
  -2.7737300e+01   4.9336400e+01   3.3922400e+01
  -2.7758600e+01   4.9081900e+01   3.2983100e+01
  -2.7778100e+01   4.8781500e+01   3.2051100e+01
  -2.7796700e+01   4.8426900e+01   3.1131400e+01
  -2.7815300e+01   4.8007000e+01   3.0233900e+01
  -2.7833400e+01   4.7517600e+01   2.9380900e+01
  -2.7844600e+01   4.7025600e+01   2.8640600e+01
  -2.4957700e+01   4.9911200e+01   3.7760400e+01
  -2.4990500e+01   4.9834300e+01   3.6820600e+01
  -2.5025000e+01   4.9702400e+01   3.5889500e+01
  -2.5054800e+01   4.9522900e+01   3.4963100e+01
  -2.5079100e+01   4.9297700e+01   3.4041500e+01
  -2.5098000e+01   4.9026600e+01   3.3126200e+01
  -2.5112100e+01   4.8706900e+01   3.2219600e+01
  -2.5122200e+01   4.8330000e+01   3.1326900e+01
  -2.5130000e+01   4.7883600e+01   3.0458900e+01
  -2.5135400e+01   4.7360900e+01   2.9638400e+01
  -2.5135200e+01   4.6825300e+01   2.8929200e+01
  -2.2278100e+01   4.9877700e+01   3.7775500e+01
  -2.2321200e+01   4.9801800e+01   3.6855000e+01
  -2.2362600e+01   4.9667400e+01   3.5942100e+01
  -2.2395800e+01   4.9481400e+01   3.5034400e+01
  -2.2420300e+01   4.9246000e+01   3.4132500e+01
  -2.2436300e+01   4.8961300e+01   3.3237800e+01
  -2.2444300e+01   4.8625200e+01   3.2353100e+01
  -2.2445500e+01   4.8228600e+01   3.1484000e+01
  -2.2441800e+01   4.7758000e+01   3.0641900e+01
  -2.2434100e+01   4.7202500e+01   2.9849300e+01
  -2.2421200e+01   4.6614200e+01   2.9160500e+01
  -1.9600600e+01   4.9812600e+01   3.7778800e+01
  -1.9659500e+01   4.9724100e+01   3.6875400e+01
  -1.9710800e+01   4.9575400e+01   3.5978300e+01
  -1.9749700e+01   4.9373300e+01   3.5086600e+01
  -1.9775700e+01   4.9121200e+01   3.4201500e+01
  -1.9788700e+01   4.8820400e+01   3.3324900e+01
  -1.9789600e+01   4.8470300e+01   3.2459400e+01
  -1.9779600e+01   4.8062100e+01   3.1611000e+01
  -1.9761400e+01   4.7581400e+01   3.0791500e+01
  -1.9736800e+01   4.7012100e+01   3.0023100e+01
  -1.9705200e+01   4.6385500e+01   2.9344100e+01
  -1.6925800e+01   4.9708900e+01   3.7772700e+01
  -1.6925200e+01   4.9803600e+01   3.6886500e+01
  -1.6924200e+01   4.9834100e+01   3.6004000e+01
  -1.6923300e+01   4.9802600e+01   3.5127200e+01
  -1.6922900e+01   4.9710200e+01   3.4257600e+01
  -1.6923400e+01   4.9556500e+01   3.3397200e+01
  -1.6925800e+01   4.9339200e+01   3.2548700e+01
  -1.6931600e+01   4.9047400e+01   3.1718100e+01
  -1.6943600e+01   4.8663200e+01   3.0917600e+01
  -1.6964000e+01   4.8162700e+01   3.0168400e+01
  -1.6989000e+01   4.7543500e+01   2.9486100e+01
