   3.3075400e+01   3.2253700e+01   3.0435900e+01
   3.3030300e+01   3.1691200e+01   2.9095700e+01
   3.2990700e+01   3.1035700e+01   2.7815900e+01
   3.2961100e+01   3.0172300e+01   2.6721100e+01
   3.2943900e+01   2.9101400e+01   2.5927300e+01
   3.2935100e+01   2.7948900e+01   2.5367600e+01
   3.2931700e+01   2.6776100e+01   2.4950500e+01
   3.2931800e+01   2.5610000e+01   2.4584100e+01
   3.2933400e+01   2.4468200e+01   2.4184000e+01
   3.2942000e+01   2.3380400e+01   2.3672500e+01
   3.3000200e+01   2.2352400e+01   2.3073800e+01
   3.5704100e+01   3.1782300e+01   3.0527000e+01
   3.5636100e+01   3.1220000e+01   2.9206000e+01
   3.5580100e+01   3.0568000e+01   2.7958100e+01
   3.5541200e+01   2.9720600e+01   2.6886100e+01
   3.5521900e+01   2.8679600e+01   2.6094700e+01
   3.5518500e+01   2.7559700e+01   2.5526600e+01
   3.5527600e+01   2.6417700e+01   2.5096700e+01
   3.5546700e+01   2.5279100e+01   2.4716900e+01
   3.5574000e+01   2.4161000e+01   2.4303600e+01
   3.5616400e+01   2.3090700e+01   2.3789000e+01
   3.5720100e+01   2.2062000e+01   2.3204100e+01
   3.8333700e+01   3.1333800e+01   3.0613900e+01
   3.8282100e+01   3.0763600e+01   2.9318500e+01
   3.8239900e+01   3.0107600e+01   2.8106900e+01
   3.8213000e+01   2.9270600e+01   2.7061500e+01
   3.8204400e+01   2.8255800e+01   2.6276000e+01
   3.8210700e+01   2.7166100e+01   2.5702500e+01
   3.8227900e+01   2.6054100e+01   2.5262500e+01
   3.8253100e+01   2.4943900e+01   2.4871700e+01
   3.8284600e+01   2.3851800e+01   2.4447500e+01
   3.8330200e+01   2.2802500e+01   2.3932200e+01
   3.8438400e+01   2.1780500e+01   2.3364700e+01
   4.0963400e+01   3.0901000e+01   3.0696100e+01
   4.0929100e+01   3.0321800e+01   2.9432500e+01
   4.0901500e+01   2.9660100e+01   2.8261200e+01
   4.0887100e+01   2.8831800e+01   2.7246700e+01
   4.0889400e+01   2.7841900e+01   2.6470800e+01
   4.0905300e+01   2.6781100e+01   2.5895700e+01
   4.0930400e+01   2.5697900e+01   2.5449400e+01
   4.0961100e+01   2.4614700e+01   2.5051300e+01
   4.0995700e+01   2.3547300e+01   2.4620000e+01
   4.1043500e+01   2.2517800e+01   2.4107900e+01
   4.1154200e+01   2.1503600e+01   2.3563300e+01
   4.3592000e+01   3.0475400e+01   3.0772200e+01
   4.3574800e+01   2.9886800e+01   2.9547400e+01
   4.3561600e+01   2.9218100e+01   2.8421700e+01
   4.3559500e+01   2.8397600e+01   2.7443100e+01
   4.3572500e+01   2.7431500e+01   2.6681800e+01
   4.3597800e+01   2.6398800e+01   2.6109900e+01
   4.3630500e+01   2.5343200e+01   2.5662000e+01
   4.3666400e+01   2.4286100e+01   2.5261600e+01
   4.3704000e+01   2.3242400e+01   2.4827900e+01
   4.3753700e+01   2.2231500e+01   2.4324100e+01
   4.3866100e+01   2.1226400e+01   2.3808800e+01
   4.6218400e+01   3.0048100e+01   3.0841000e+01
   4.6217900e+01   2.9450100e+01   2.9663400e+01
   4.6218600e+01   2.8773500e+01   2.8589600e+01
   4.6228500e+01   2.7959900e+01   2.7653300e+01
   4.6252000e+01   2.7017400e+01   2.6912600e+01
   4.6286200e+01   2.6012000e+01   2.6350000e+01
   4.6326200e+01   2.4983500e+01   2.5906600e+01
   4.6366900e+01   2.3951800e+01   2.5509600e+01
   4.6407200e+01   2.2931200e+01   2.5079800e+01
   4.6458700e+01   2.1938200e+01   2.4590500e+01
   4.6571800e+01   2.0943700e+01   2.4111800e+01
   4.8840900e+01   2.9607600e+01   3.0900500e+01
   4.8856200e+01   2.9000500e+01   2.9780800e+01
   4.8870300e+01   2.8315500e+01   2.8767400e+01
   4.8891700e+01   2.7508600e+01   2.7882200e+01
   4.8924800e+01   2.6589200e+01   2.7170600e+01
   4.8967500e+01   2.5611000e+01   2.6625700e+01
   4.9014100e+01   2.4609200e+01   2.6195100e+01
   4.9059100e+01   2.3602600e+01   2.5810000e+01
   4.9101500e+01   2.2604800e+01   2.5392400e+01
   4.9154400e+01   2.1629400e+01   2.4926300e+01
   4.9266900e+01   2.0647400e+01   2.4493800e+01
   5.1456300e+01   2.9137000e+01   3.0946500e+01
   5.1486000e+01   2.8521800e+01   2.9898600e+01
   5.1512400e+01   2.7828600e+01   2.8957600e+01
   5.1543900e+01   2.7028800e+01   2.8135600e+01
   5.1585600e+01   2.6133100e+01   2.7465100e+01
   5.1635500e+01   2.5182500e+01   2.6949700e+01
   5.1687700e+01   2.4207900e+01   2.6543600e+01
   5.1735900e+01   2.3226900e+01   2.6182100e+01
   5.1779300e+01   2.2252400e+01   2.5788500e+01
   5.1832600e+01   2.1294900e+01   2.5357500e+01
   5.1943000e+01   2.0328000e+01   2.4983900e+01
   5.4058300e+01   2.8609600e+01   3.0971600e+01
   5.4099500e+01   2.7988700e+01   3.0015300e+01
   5.4135600e+01   2.7288800e+01   2.9164800e+01
   5.4175000e+01   2.6497500e+01   2.8423900e+01
   5.4222900e+01   2.5627300e+01   2.7812500e+01
   5.4277700e+01   2.4706000e+01   2.7344300e+01
   5.4333000e+01   2.3760400e+01   2.6980700e+01
   5.4382200e+01   2.2806700e+01   2.6660400e+01
   5.4424500e+01   2.1857200e+01   2.6308600e+01
   5.4476100e+01   2.0919400e+01   2.5930700e+01
   5.4581600e+01   1.9971300e+01   2.5634500e+01
   5.6634800e+01   2.7984700e+01   3.0963200e+01
   5.6681000e+01   2.7362800e+01   3.0126700e+01
   5.6721000e+01   2.6660300e+01   2.9393100e+01
   5.6762400e+01   2.5881800e+01   2.8759900e+01
   5.6811000e+01   2.5041100e+01   2.8234300e+01
   5.6865600e+01   2.4153000e+01   2.7840000e+01
   5.6919300e+01   2.3240200e+01   2.7545300e+01
   5.6965000e+01   2.2317600e+01   2.7292900e+01
   5.7002100e+01   2.1396800e+01   2.7009900e+01
   5.7048400e+01   2.0482200e+01   2.6712400e+01
   5.7144700e+01   1.9558500e+01   2.6521200e+01
   5.9162200e+01   2.7203800e+01   3.0901500e+01
   5.9169000e+01   2.6603800e+01   3.0216400e+01
   5.9177400e+01   2.5917200e+01   2.9629700e+01
   5.9193400e+01   2.5166600e+01   2.9134600e+01
   5.9222900e+01   2.4367400e+01   2.8726300e+01
   5.9264800e+01   2.3521600e+01   2.8439300e+01
   5.9311800e+01   2.2647500e+01   2.8249300e+01
   5.9356100e+01   2.1758800e+01   2.8103600e+01
   5.9397300e+01   2.0866800e+01   2.7931600e+01
   5.9454600e+01   1.9972700e+01   2.7760500e+01
   5.9564800e+01   1.9069900e+01   2.7724500e+01
