   5.9162200e+01   2.7203800e+01   3.0901500e+01
   5.9169000e+01   2.6603800e+01   3.0216400e+01
   5.9177400e+01   2.5917200e+01   2.9629700e+01
   5.9193400e+01   2.5166600e+01   2.9134600e+01
   5.9222900e+01   2.4367400e+01   2.8726300e+01
   5.9264800e+01   2.3521600e+01   2.8439300e+01
   5.9311800e+01   2.2647500e+01   2.8249300e+01
   5.9356100e+01   2.1758800e+01   2.8103600e+01
   5.9397300e+01   2.0866800e+01   2.7931600e+01
   5.9454600e+01   1.9972700e+01   2.7760500e+01
   5.9564800e+01   1.9069900e+01   2.7724500e+01
   5.9930500e+01   2.6848600e+01   3.0864100e+01
   6.0042100e+01   2.6278100e+01   3.0302800e+01
   6.0115800e+01   2.5584100e+01   2.9779900e+01
   6.0162900e+01   2.4828800e+01   2.9341800e+01
   6.0208300e+01   2.4035800e+01   2.8994800e+01
   6.0261300e+01   2.3201000e+01   2.8764400e+01
   6.0318800e+01   2.2332400e+01   2.8632400e+01
   6.0372700e+01   2.1441400e+01   2.8552100e+01
   6.0415300e+01   2.0547900e+01   2.8462800e+01
   6.0440400e+01   1.9667100e+01   2.8374300e+01
   6.0435100e+01   1.8812100e+01   2.8358200e+01
   6.0687800e+01   2.6457200e+01   3.0818500e+01
   6.0785000e+01   2.5893800e+01   3.0348400e+01
   6.0887600e+01   2.5179100e+01   2.9910200e+01
   6.0963100e+01   2.4401200e+01   2.9553300e+01
   6.1029100e+01   2.3594200e+01   2.9289600e+01
   6.1096900e+01   2.2758500e+01   2.9134100e+01
   6.1166400e+01   2.1896500e+01   2.9070100e+01
   6.1230800e+01   2.1016900e+01   2.9056100e+01
   6.1279200e+01   2.0138300e+01   2.9042200e+01
   6.1296500e+01   1.9285800e+01   2.9025800e+01
   6.1264200e+01   1.8533200e+01   2.9046800e+01
   6.1433500e+01   2.6029700e+01   3.0764600e+01
   6.1481500e+01   2.5451900e+01   3.0372900e+01
   6.1573000e+01   2.4703600e+01   3.0026300e+01
   6.1655500e+01   2.3894800e+01   2.9763900e+01
   6.1733000e+01   2.3069000e+01   2.9596000e+01
   6.1812600e+01   2.2231300e+01   2.9528300e+01
   6.1894500e+01   2.1381600e+01   2.9543200e+01
   6.1973400e+01   2.0525900e+01   2.9603500e+01
   6.2039100e+01   1.9682300e+01   2.9667300e+01
   6.2073900e+01   1.8885400e+01   2.9722100e+01
   6.2052200e+01   1.8234600e+01   2.9785000e+01
   6.2159400e+01   2.5554600e+01   3.0697800e+01
   6.2153400e+01   2.4951400e+01   3.0381100e+01
   6.2211200e+01   2.4162100e+01   3.0129700e+01
   6.2282100e+01   2.3320800e+01   2.9969300e+01
   6.2359600e+01   2.2479000e+01   2.9905100e+01
   6.2445000e+01   2.1644600e+01   2.9934700e+01
   6.2537300e+01   2.0815300e+01   3.0038600e+01
   6.2632300e+01   1.9995400e+01   3.0183500e+01
   6.2721900e+01   1.9202000e+01   3.0332000e+01
   6.2787400e+01   1.8475700e+01   3.0464200e+01
   6.2790800e+01   1.7915800e+01   3.0576900e+01
   6.2866100e+01   2.5038900e+01   3.0620400e+01
   6.2809200e+01   2.4396900e+01   3.0376200e+01
   6.2823400e+01   2.3561300e+01   3.0220400e+01
   6.2871400e+01   2.2690500e+01   3.0165400e+01
   6.2940200e+01   2.1839900e+01   3.0209600e+01
   6.3025200e+01   2.1017100e+01   3.0343400e+01
   6.3123300e+01   2.0217100e+01   3.0545100e+01
   6.3231700e+01   1.9442300e+01   3.0784300e+01
   6.3344200e+01   1.8708500e+01   3.1027300e+01
   6.3441400e+01   1.8057300e+01   3.1248200e+01
   6.3465700e+01   1.7576300e+01   3.1425500e+01
   6.3559000e+01   2.4493400e+01   3.0535800e+01
   6.3454100e+01   2.3794800e+01   3.0359900e+01
   6.3424600e+01   2.2909800e+01   3.0296900e+01
   6.3446700e+01   2.2016400e+01   3.0347400e+01
   6.3502300e+01   2.1167100e+01   3.0501900e+01
   6.3581500e+01   2.0365600e+01   3.0744000e+01
   6.3679500e+01   1.9602800e+01   3.1049700e+01
   6.3794400e+01   1.8879600e+01   3.1391300e+01
   6.3923900e+01   1.8209400e+01   3.1737600e+01
   6.4051300e+01   1.7632600e+01   3.2056400e+01
   6.4106100e+01   1.7222900e+01   3.2301900e+01
   6.4236300e+01   2.3918700e+01   3.0443700e+01
   6.4093200e+01   2.3147500e+01   3.0331200e+01
   6.4030400e+01   2.2217900e+01   3.0355900e+01
   6.4031500e+01   2.1314900e+01   3.0508900e+01
   6.4074100e+01   2.0479200e+01   3.0772600e+01
   6.4143900e+01   1.9708500e+01   3.1124300e+01
   6.4234300e+01   1.8988600e+01   3.1537200e+01
   6.4344800e+01   1.8319500e+01   3.1987200e+01
   6.4477500e+01   1.7711600e+01   3.2445700e+01
   6.4623200e+01   1.7203500e+01   3.2876600e+01
   6.4708300e+01   1.6856200e+01   3.3207400e+01
   6.4901500e+01   2.3322600e+01   3.0346900e+01
   6.4739200e+01   2.2464600e+01   3.0288600e+01
   6.4664400e+01   2.1506600e+01   3.0392400e+01
   6.4656800e+01   2.0612200e+01   3.0641500e+01
   6.4690000e+01   1.9802400e+01   3.1009900e+01
   6.4747800e+01   1.9068900e+01   3.1468800e+01
   6.4822500e+01   1.8392900e+01   3.1988400e+01
   6.4914500e+01   1.7775700e+01   3.2549500e+01
   6.5029300e+01   1.7223500e+01   3.3128200e+01
   6.5167700e+01   1.6773200e+01   3.3690300e+01
   6.5270400e+01   1.6475300e+01   3.4138500e+01
   6.5563400e+01   2.2718600e+01   3.0249400e+01
   6.5422000e+01   2.1774800e+01   3.0229200e+01
   6.5367400e+01   2.0821000e+01   3.0399400e+01
   6.5365700e+01   1.9953400e+01   3.0734400e+01
   6.5393700e+01   1.9174600e+01   3.1199200e+01
   6.5437200e+01   1.8476900e+01   3.1758800e+01
   6.5489100e+01   1.7838000e+01   3.2379200e+01
   6.5549300e+01   1.7264400e+01   3.3048500e+01
   6.5623200e+01   1.6756300e+01   3.3749200e+01
   6.5719000e+01   1.6350000e+01   3.4460400e+01
   6.5818700e+01   1.6086300e+01   3.5078000e+01
   6.6223500e+01   2.2110500e+01   3.0151700e+01
   6.6216000e+01   2.1170900e+01   3.0147400e+01
   6.6211000e+01   2.0257700e+01   3.0366600e+01
   6.6218800e+01   1.9411400e+01   3.0774500e+01
   6.6237900e+01   1.8647700e+01   3.1322700e+01
   6.6262600e+01   1.7967100e+01   3.1972500e+01
   6.6288300e+01   1.7348200e+01   3.2681500e+01
   6.6313100e+01   1.6801500e+01   3.3447600e+01
   6.6335900e+01   1.6321900e+01   3.4257300e+01
   6.6352000e+01   1.5943700e+01   3.5118500e+01
   6.6354500e+01   1.5690600e+01   3.6024500e+01
