   3.3000200e+01   2.2352400e+01   2.3073800e+01
   3.3305400e+01   2.1137700e+01   2.2691700e+01
   3.3744500e+01   1.9891000e+01   2.2489900e+01
   3.4023900e+01   1.8559400e+01   2.2449100e+01
   3.4083500e+01   1.7159600e+01   2.2653500e+01
   3.3988400e+01   1.5754600e+01   2.3141400e+01
   3.3896700e+01   1.4347000e+01   2.3697900e+01
   3.3866100e+01   1.2917900e+01   2.4175100e+01
   3.3876900e+01   1.1473100e+01   2.4568800e+01
   3.3879600e+01   1.0015700e+01   2.4847500e+01
   3.3882400e+01   8.5496000e+00   2.5094500e+01
   3.5720100e+01   2.2062000e+01   2.3204100e+01
   3.6007500e+01   2.0804100e+01   2.2909600e+01
   3.6404000e+01   1.9576200e+01   2.2788600e+01
   3.6657200e+01   1.8269000e+01   2.2818800e+01
   3.6712000e+01   1.6900700e+01   2.3072800e+01
   3.6621500e+01   1.5528800e+01   2.3586000e+01
   3.6531600e+01   1.4156300e+01   2.4161200e+01
   3.6491800e+01   1.2771400e+01   2.4674200e+01
   3.6497200e+01   1.1367500e+01   2.5104800e+01
   3.6522300e+01   9.9480000e+00   2.5371900e+01
   3.6581700e+01   8.4726000e+00   2.5601600e+01
   3.8438400e+01   2.1780500e+01   2.3364700e+01
   3.8714000e+01   2.0486000e+01   2.3158000e+01
   3.9073100e+01   1.9272800e+01   2.3115900e+01
   3.9304700e+01   1.7987100e+01   2.3215900e+01
   3.9358100e+01   1.6647900e+01   2.3517800e+01
   3.9274400e+01   1.5306300e+01   2.4052900e+01
   3.9186000e+01   1.3966200e+01   2.4643400e+01
   3.9134500e+01   1.2623000e+01   2.5189300e+01
   3.9129900e+01   1.1257600e+01   2.5653400e+01
   3.9171400e+01   9.8733000e+00   2.5906200e+01
   3.9278400e+01   8.3952000e+00   2.6112000e+01
   4.1154200e+01   2.1503600e+01   2.3563300e+01
   4.1415500e+01   2.0181400e+01   2.3443400e+01
   4.1736000e+01   1.8979200e+01   2.3478800e+01
   4.1945800e+01   1.7712700e+01   2.3647600e+01
   4.1998200e+01   1.6400300e+01   2.3996100e+01
   4.1922300e+01   1.5086600e+01   2.4550400e+01
   4.1835700e+01   1.3776400e+01   2.5154300e+01
   4.1772700e+01   1.2472200e+01   2.5731500e+01
   4.1758300e+01   1.1142800e+01   2.6226700e+01
   4.1816300e+01   9.7907000e+00   2.6464900e+01
   4.1969300e+01   8.3179000e+00   2.6642900e+01
   4.3866100e+01   2.1226400e+01   2.3808800e+01
   4.4110300e+01   1.9885900e+01   2.3774100e+01
   4.4391100e+01   1.8691500e+01   2.3885700e+01
   4.4578800e+01   1.7442000e+01   2.4122500e+01
   4.4630500e+01   1.6154700e+01   2.4516800e+01
   4.4563200e+01   1.4866700e+01   2.5088300e+01
   4.4478700e+01   1.3584200e+01   2.5703900e+01
   4.4404400e+01   1.2316600e+01   2.6311000e+01
   4.4380400e+01   1.1021200e+01   2.6835100e+01
   4.4455100e+01   9.6984000e+00   2.7059000e+01
   4.4651500e+01   8.2406000e+00   2.7206100e+01
   4.6571800e+01   2.0943700e+01   2.4111800e+01
   4.6797100e+01   1.9595700e+01   2.4156200e+01
   4.7038200e+01   1.8406300e+01   2.4339600e+01
   4.7204300e+01   1.7172700e+01   2.4640100e+01
   4.7256100e+01   1.5909200e+01   2.5075900e+01
   4.7198900e+01   1.4645700e+01   2.5659200e+01
   4.7117600e+01   1.3389700e+01   2.6281700e+01
   4.7033000e+01   1.2157100e+01   2.6913600e+01
   4.7000500e+01   1.0894300e+01   2.7460700e+01
   4.7093000e+01   9.5988000e+00   2.7667200e+01
   4.7330200e+01   8.1677000e+00   2.7777100e+01
   4.9266900e+01   2.0647400e+01   2.4493800e+01
   4.9471000e+01   1.9303000e+01   2.4612800e+01
   4.9671900e+01   1.8116400e+01   2.4865500e+01
   4.9816400e+01   1.6897800e+01   2.5227900e+01
   4.9868600e+01   1.5657500e+01   2.5703000e+01
   4.9822300e+01   1.4417600e+01   2.6295200e+01
   4.9744300e+01   1.3187300e+01   2.6922400e+01
   4.9650200e+01   1.1988500e+01   2.7576300e+01
   4.9609900e+01   1.0757200e+01   2.8142500e+01
   4.9720400e+01   9.4875000e+00   2.8331100e+01
   4.9994800e+01   8.0960000e+00   2.8400500e+01
   5.1943000e+01   2.0328000e+01   2.4983900e+01
   5.2123400e+01   1.8999200e+01   2.5173100e+01
   5.2283600e+01   1.7814200e+01   2.5493900e+01
   5.2406100e+01   1.6610700e+01   2.5916800e+01
   5.2458500e+01   1.5393900e+01   2.6430200e+01
   5.2423300e+01   1.4177800e+01   2.7029600e+01
   5.2348800e+01   1.2973300e+01   2.7660100e+01
   5.2245300e+01   1.1807900e+01   2.8334200e+01
   5.2197700e+01   1.0608300e+01   2.8916300e+01
   5.2326200e+01   9.3638000e+00   2.9087500e+01
   5.2633400e+01   8.0264000e+00   2.9114700e+01
   5.4581600e+01   1.9971300e+01   2.5634500e+01
   5.4736600e+01   1.8671700e+01   2.5886600e+01
   5.4856500e+01   1.7489100e+01   2.6271500e+01
   5.4957100e+01   1.6302800e+01   2.6751200e+01
   5.5010100e+01   1.5111400e+01   2.7299000e+01
   5.4986800e+01   1.3921000e+01   2.7901500e+01
   5.4916300e+01   1.2744500e+01   2.8531600e+01
   5.4804500e+01   1.1614000e+01   2.9221100e+01
   5.4750900e+01   1.0447900e+01   2.9813200e+01
   5.4898000e+01   9.2303000e+00   2.9964800e+01
   5.5233700e+01   7.9635000e+00   2.9946000e+01
   5.7144700e+01   1.9558500e+01   2.6521200e+01
   5.7271800e+01   1.8303800e+01   2.6830300e+01
   5.7350800e+01   1.7127600e+01   2.7277400e+01
   5.7429000e+01   1.5963100e+01   2.7812000e+01
   5.7481900e+01   1.4801900e+01   2.8392500e+01
   5.7470300e+01   1.3642000e+01   2.8996000e+01
   5.7403400e+01   1.2498400e+01   2.9624100e+01
   5.7283700e+01   1.1406900e+01   3.0326100e+01
   5.7224800e+01   1.0278900e+01   3.0924100e+01
   5.7390200e+01   9.0928000e+00   3.1056000e+01
   5.7749000e+01   7.9157000e+00   3.0990300e+01
   5.9564800e+01   1.9069900e+01   2.7724500e+01
   5.9648400e+01   1.7881000e+01   2.8088700e+01
   5.9674700e+01   1.6720400e+01   2.8600800e+01
   5.9719600e+01   1.5586900e+01   2.9194300e+01
   5.9763100e+01   1.4464600e+01   2.9812700e+01
   5.9756100e+01   1.3343500e+01   3.0424200e+01
   5.9687500e+01   1.2240800e+01   3.1058800e+01
   5.9557100e+01   1.1195000e+01   3.1781600e+01
   5.9492400e+01   1.0111900e+01   3.2394000e+01
   5.9676100e+01   8.9645000e+00   3.2520500e+01
   6.0054600e+01   7.8972000e+00   3.2423400e+01
