   3.3240600e+01   3.6281500e+01   3.7936800e+01
   3.3237900e+01   3.6212600e+01   3.7153700e+01
   3.3232800e+01   3.6082400e+01   3.6371000e+01
   3.3224700e+01   3.5877900e+01   3.5590000e+01
   3.3212800e+01   3.5577700e+01   3.4815200e+01
   3.3197200e+01   3.5175800e+01   3.4053200e+01
   3.3178200e+01   3.4680200e+01   3.3309000e+01
   3.3156200e+01   3.4114500e+01   3.2581200e+01
   3.3131400e+01   3.3505800e+01   3.1864100e+01
   3.3104300e+01   3.2879000e+01   3.1150700e+01
   3.3075400e+01   3.2253700e+01   3.0435900e+01
   3.5811400e+01   3.5547300e+01   3.7937400e+01
   3.5811300e+01   3.5489800e+01   3.7173500e+01
   3.5810500e+01   3.5371600e+01   3.6401700e+01
   3.5807600e+01   3.5181900e+01   3.5631200e+01
   3.5801700e+01   3.4902600e+01   3.4866700e+01
   3.5792800e+01   3.4528800e+01   3.4114300e+01
   3.5781000e+01   3.4067500e+01   3.3378300e+01
   3.5766500e+01   3.3538500e+01   3.2657900e+01
   3.5749200e+01   3.2964500e+01   3.1949000e+01
   3.5729100e+01   3.2367700e+01   3.1245000e+01
   3.5704100e+01   3.1782300e+01   3.0527000e+01
   3.8385300e+01   3.4820900e+01   3.7935500e+01
   3.8388300e+01   3.4776000e+01   3.7186600e+01
   3.8392000e+01   3.4672500e+01   3.6425000e+01
   3.8394400e+01   3.4500400e+01   3.5664300e+01
   3.8394500e+01   3.4244800e+01   3.4909600e+01
   3.8392200e+01   3.3901500e+01   3.4166100e+01
   3.8387200e+01   3.3476700e+01   3.3437700e+01
   3.8379600e+01   3.2986600e+01   3.2724400e+01
   3.8369100e+01   3.2449400e+01   3.2023200e+01
   3.8355200e+01   3.1884600e+01   3.1328700e+01
   3.8333700e+01   3.1333800e+01   3.0613900e+01
   4.0961900e+01   3.4101800e+01   3.7931300e+01
   4.0967700e+01   3.4070500e+01   3.7193900e+01
   4.0975800e+01   3.3983700e+01   3.6441700e+01
   4.0983200e+01   3.3831300e+01   3.5690200e+01
   4.0988900e+01   3.3601100e+01   3.4944500e+01
   4.0992700e+01   3.3289900e+01   3.4209300e+01
   4.0994300e+01   3.2903000e+01   3.3488100e+01
   4.0993200e+01   3.2453200e+01   3.2781200e+01
   4.0989200e+01   3.1954200e+01   3.2087400e+01
   4.0981300e+01   3.1422200e+01   3.1402300e+01
   4.0963400e+01   3.0901000e+01   3.0696100e+01
   4.3540700e+01   3.3389700e+01   3.7924700e+01
   4.3549200e+01   3.3372400e+01   3.7195600e+01
   4.3561100e+01   3.3303200e+01   3.6451800e+01
   4.3573100e+01   3.3171600e+01   3.5708800e+01
   4.3584000e+01   3.2967600e+01   3.4971500e+01
   4.3593500e+01   3.2689200e+01   3.4243900e+01
   4.3601200e+01   3.2340700e+01   3.3529000e+01
   4.3606300e+01   3.1931500e+01   3.2828100e+01
   4.3608300e+01   3.1471100e+01   3.2141100e+01
   4.3606100e+01   3.0971600e+01   3.1465500e+01
   4.3592000e+01   3.0475400e+01   3.0772200e+01
   4.6121500e+01   3.2684500e+01   3.7915400e+01
   4.6132400e+01   3.2681200e+01   3.7192100e+01
   4.6147700e+01   3.2629600e+01   3.6455600e+01
   4.6163700e+01   3.2518600e+01   3.5720200e+01
   4.6179300e+01   3.2340600e+01   3.4990400e+01
   4.6194000e+01   3.2094400e+01   3.4269600e+01
   4.6207200e+01   3.1783800e+01   3.3560500e+01
   4.6217900e+01   3.1414700e+01   3.2864800e+01
   4.6225500e+01   3.0992300e+01   3.2184000e+01
   4.6228500e+01   3.0524100e+01   3.1517700e+01
   4.6218400e+01   3.0048100e+01   3.0841000e+01
   4.8703900e+01   3.1986000e+01   3.7903200e+01
   4.8716900e+01   3.1996000e+01   3.7183200e+01
   4.8735000e+01   3.1960500e+01   3.6452900e+01
   4.8754300e+01   3.1868600e+01   3.5724200e+01
   4.8773800e+01   3.1715100e+01   3.5001000e+01
   4.8793000e+01   3.1499500e+01   3.4286100e+01
   4.8811000e+01   3.1224900e+01   3.3581900e+01
   4.8826600e+01   3.0894300e+01   3.2890600e+01
   4.8839000e+01   3.0508000e+01   3.2215100e+01
   4.8846800e+01   3.0068800e+01   3.1557900e+01
   4.8840900e+01   2.9607600e+01   3.0900500e+01
   5.1287600e+01   3.1294000e+01   3.7887500e+01
   5.1302100e+01   3.1315200e+01   3.7168500e+01
   5.1322000e+01   3.1292800e+01   3.6443000e+01
   5.1343700e+01   3.1216700e+01   3.5719700e+01
   5.1366100e+01   3.1084100e+01   3.5001900e+01
   5.1388700e+01   3.0895700e+01   3.4291700e+01
   5.1410500e+01   3.0653700e+01   3.3591200e+01
   5.1430000e+01   3.0358000e+01   3.2902900e+01
   5.1446200e+01   3.0004400e+01   3.2231500e+01
   5.1457900e+01   2.9589900e+01   3.1582700e+01
   5.1456300e+01   2.9137000e+01   3.0946500e+01
   5.3872400e+01   3.0608600e+01   3.7866300e+01
   5.3887300e+01   3.0636900e+01   3.7146100e+01
   5.3907400e+01   3.0621400e+01   3.6423400e+01
   5.3929700e+01   3.0555000e+01   3.5703900e+01
   5.3953300e+01   3.0437100e+01   3.4989700e+01
   5.3977600e+01   3.0269500e+01   3.4282500e+01
   5.4001600e+01   3.0053900e+01   3.3583800e+01
   5.4023300e+01   2.9787000e+01   3.2896900e+01
   5.4041600e+01   2.9460000e+01   3.2227800e+01
   5.4055800e+01   2.9063500e+01   3.1585800e+01
   5.4058300e+01   2.8609600e+01   3.0971600e+01
   5.6458000e+01   2.9928900e+01   3.7836900e+01
   5.6470900e+01   2.9956400e+01   3.7113100e+01
   5.6488300e+01   2.9937800e+01   3.6390500e+01
   5.6508400e+01   2.9870800e+01   3.5671900e+01
   5.6530200e+01   2.9757400e+01   3.4958800e+01
   5.6553400e+01   2.9600200e+01   3.4251900e+01
   5.6576600e+01   2.9400800e+01   3.3552400e+01
   5.6597600e+01   2.9152700e+01   3.2864100e+01
   5.6615100e+01   2.8842100e+01   3.2194400e+01
   5.6629000e+01   2.8453100e+01   3.1556600e+01
   5.6634800e+01   2.7984700e+01   3.0963200e+01
   5.9044000e+01   2.9254400e+01   3.7794100e+01
   5.9049300e+01   2.9268100e+01   3.7064000e+01
   5.9058300e+01   2.9230500e+01   3.6337500e+01
   5.9070400e+01   2.9147000e+01   3.5615900e+01
   5.9085000e+01   2.9021900e+01   3.4899700e+01
   5.9101700e+01   2.8859200e+01   3.4189100e+01
   5.9119000e+01   2.8660000e+01   3.3484700e+01
   5.9134300e+01   2.8414800e+01   3.2790700e+01
   5.9146100e+01   2.8104900e+01   3.2116200e+01
   5.9154900e+01   2.7707200e+01   3.1478300e+01
   5.9162200e+01   2.7203800e+01   3.0901500e+01
