   6.7672000e+00   4.6338600e+01   3.7593600e+01
   6.7587000e+00   4.6327100e+01   3.6713100e+01
   6.7455000e+00   4.6248000e+01   3.5833000e+01
   6.7316000e+00   4.6087400e+01   3.4954400e+01
   6.7217000e+00   4.5829200e+01   3.4080600e+01
   6.7219000e+00   4.5452800e+01   3.3218900e+01
   6.7431000e+00   4.4916900e+01   3.2392600e+01
   6.7869000e+00   4.4223600e+01   3.1624000e+01
   6.8444000e+00   4.3412100e+01   3.0914300e+01
   6.9054000e+00   4.2526900e+01   3.0247500e+01
   6.9632000e+00   4.1603500e+01   2.9604400e+01
   9.3893000e+00   4.5297300e+01   3.7623800e+01
   9.4194000e+00   4.5242400e+01   3.6749500e+01
   9.4380000e+00   4.5117300e+01   3.5871900e+01
   9.4467000e+00   4.4913700e+01   3.4995100e+01
   9.4497000e+00   4.4616500e+01   3.4123600e+01
   9.4523000e+00   4.4206700e+01   3.3265000e+01
   9.4637000e+00   4.3650600e+01   3.2440300e+01
   9.4854000e+00   4.2952400e+01   3.1668600e+01
   9.5099000e+00   4.2149300e+01   3.0950600e+01
   9.5277000e+00   4.1286200e+01   3.0269000e+01
   9.5247000e+00   4.0423200e+01   2.9583300e+01
   1.1911100e+01   4.4009300e+01   3.7691300e+01
   1.1927000e+01   4.3933200e+01   3.6826300e+01
   1.1934300e+01   4.3781700e+01   3.5953000e+01
   1.1934500e+01   4.3551400e+01   3.5079900e+01
   1.1931100e+01   4.3227400e+01   3.4212200e+01
   1.1929000e+01   4.2792200e+01   3.3357800e+01
   1.1936300e+01   4.2218600e+01   3.2535200e+01
   1.1954000e+01   4.1512700e+01   3.1760700e+01
   1.1975600e+01   4.0709700e+01   3.1033900e+01
   1.1992100e+01   3.9854900e+01   3.0336800e+01
   1.1984600e+01   3.9027100e+01   2.9612600e+01
   1.4428900e+01   4.2699200e+01   3.7767500e+01
   1.4434700e+01   4.2608200e+01   3.6915700e+01
   1.4433900e+01   4.2437800e+01   3.6050200e+01
   1.4428000e+01   4.2188400e+01   3.5184500e+01
   1.4420200e+01   4.1845300e+01   3.4324300e+01
   1.4415000e+01   4.1392400e+01   3.3477600e+01
   1.4418800e+01   4.0808300e+01   3.2660600e+01
   1.4432900e+01   4.0101200e+01   3.1887000e+01
   1.4451500e+01   3.9304600e+01   3.1155400e+01
   1.4466200e+01   3.8463800e+01   3.0447200e+01
   1.4456300e+01   3.7669900e+01   2.9695400e+01
   1.7015600e+01   4.1528100e+01   3.7827700e+01
   1.7014400e+01   4.1431200e+01   3.6991000e+01
   1.7007700e+01   4.1252200e+01   3.6136400e+01
   1.6997800e+01   4.0993400e+01   3.5281200e+01
   1.6987400e+01   4.0640500e+01   3.4431600e+01
   1.6980300e+01   4.0178700e+01   3.3595600e+01
   1.6982000e+01   3.9591900e+01   3.2787400e+01
   1.6993400e+01   3.8890200e+01   3.2018100e+01
   1.7009800e+01   3.8105800e+01   3.1285700e+01
   1.7023400e+01   3.7283200e+01   3.0571300e+01
   1.7013600e+01   3.6520500e+01   2.9802800e+01
   1.9662500e+01   4.0497900e+01   3.7869400e+01
   1.9654900e+01   4.0400800e+01   3.7047500e+01
   1.9642800e+01   4.0220300e+01   3.6205100e+01
   1.9629300e+01   3.9959700e+01   3.5362000e+01
   1.9616600e+01   3.9604300e+01   3.4524600e+01
   1.9608000e+01   3.9140900e+01   3.3700800e+01
   1.9607900e+01   3.8558000e+01   3.2902900e+01
   1.9617100e+01   3.7867800e+01   3.2139800e+01
   1.9631700e+01   3.7101400e+01   3.1408600e+01
   1.9644900e+01   3.6301900e+01   3.0691100e+01
   1.9637200e+01   3.5568500e+01   2.9915000e+01
   2.2349000e+01   3.9573200e+01   3.7896400e+01
   2.2334500e+01   3.9479500e+01   3.7087800e+01
   2.2316700e+01   3.9303000e+01   3.6258000e+01
   2.2299200e+01   3.9046200e+01   3.5427500e+01
   2.2284000e+01   3.8693900e+01   3.4602900e+01
   2.2273500e+01   3.8234400e+01   3.3791800e+01
   2.2271400e+01   3.7660600e+01   3.3004900e+01
   2.2278200e+01   3.6986600e+01   3.2248800e+01
   2.2291000e+01   3.6242800e+01   3.1520000e+01
   2.2304000e+01   3.5469900e+01   3.0801400e+01
   2.2299600e+01   3.4762900e+01   3.0025300e+01
   2.5056800e+01   3.8708500e+01   3.7914200e+01
   2.5034500e+01   3.8620800e+01   3.7116500e+01
   2.5010500e+01   3.8452700e+01   3.6299100e+01
   2.4988700e+01   3.8204500e+01   3.5481300e+01
   2.4970500e+01   3.7860200e+01   3.4669600e+01
   2.4957800e+01   3.7409400e+01   3.3871300e+01
   2.4953300e+01   3.6849100e+01   3.3095400e+01
   2.4957600e+01   3.6195800e+01   3.2346600e+01
   2.4968400e+01   3.5478700e+01   3.1620700e+01
   2.4981400e+01   3.4735600e+01   3.0902500e+01
   2.4981500e+01   3.4052000e+01   3.0132800e+01
   2.7777200e+01   3.7879100e+01   3.7925900e+01
   2.7746100e+01   3.7800000e+01   3.7136300e+01
   2.7715500e+01   3.7644400e+01   3.6330900e+01
   2.7689200e+01   3.7409300e+01   3.5525600e+01
   2.7667700e+01   3.7077200e+01   3.4726600e+01
   2.7652400e+01   3.6639500e+01   3.3940700e+01
   2.7645400e+01   3.6096800e+01   3.3175700e+01
   2.7646900e+01   3.5467900e+01   3.2434100e+01
   2.7655600e+01   3.4781300e+01   3.1711200e+01
   2.7668500e+01   3.4071000e+01   3.0994300e+01
   2.7674200e+01   3.3407100e+01   3.0237100e+01
   3.0506000e+01   3.7072700e+01   3.7933100e+01
   3.0462900e+01   3.7005000e+01   3.7148400e+01
   3.0423800e+01   3.6866000e+01   3.6354400e+01
   3.0391200e+01   3.6648300e+01   3.5561400e+01
   3.0365300e+01   3.6332700e+01   3.4774500e+01
   3.0347000e+01   3.5911700e+01   3.4000800e+01
   3.0337300e+01   3.5390000e+01   3.3246300e+01
   3.0336600e+01   3.4788500e+01   3.2511800e+01
   3.0344100e+01   3.4135200e+01   3.1792000e+01
   3.0358500e+01   3.3459900e+01   3.1077000e+01
   3.0373000e+01   3.2811100e+01   3.0338200e+01
   3.3240600e+01   3.6281500e+01   3.7936800e+01
   3.3237900e+01   3.6212600e+01   3.7153700e+01
   3.3232800e+01   3.6082400e+01   3.6371000e+01
   3.3224700e+01   3.5877900e+01   3.5590000e+01
   3.3212800e+01   3.5577700e+01   3.4815200e+01
   3.3197200e+01   3.5175800e+01   3.4053200e+01
   3.3178200e+01   3.4680200e+01   3.3309000e+01
   3.3156200e+01   3.4114500e+01   3.2581200e+01
   3.3131400e+01   3.3505800e+01   3.1864100e+01
   3.3104300e+01   3.2879000e+01   3.1150700e+01
   3.3075400e+01   3.2253700e+01   3.0435900e+01
