   6.9632000e+00   4.1603500e+01   2.9604400e+01
   7.0285000e+00   4.0540800e+01   2.8262800e+01
   7.0576000e+00   3.9499000e+01   2.6904300e+01
   7.0638000e+00   3.8424100e+01   2.5585500e+01
   7.0650000e+00   3.7263500e+01   2.4370300e+01
   7.0766000e+00   3.5938800e+01   2.3396100e+01
   7.0940000e+00   3.4488700e+01   2.2700400e+01
   7.1058000e+00   3.2975200e+01   2.2231800e+01
   7.1055000e+00   3.1437900e+01   2.1912000e+01
   7.0997000e+00   2.9891700e+01   2.1694800e+01
   7.0969000e+00   2.8340600e+01   2.1565300e+01
   9.5247000e+00   4.0423200e+01   2.9583300e+01
   9.4969000e+00   3.9382500e+01   2.8190200e+01
   9.4319000e+00   3.8418200e+01   2.6869200e+01
   9.3737000e+00   3.7370800e+01   2.5582400e+01
   9.3298000e+00   3.6215100e+01   2.4423200e+01
   9.3150000e+00   3.4887400e+01   2.3507700e+01
   9.3228000e+00   3.3432300e+01   2.2861100e+01
   9.3422000e+00   3.1912000e+01   2.2425400e+01
   9.3678000e+00   3.0350800e+01   2.2118900e+01
   9.4011000e+00   2.8817800e+01   2.1895000e+01
   9.4858000e+00   2.7057800e+01   2.1719000e+01
   1.1984600e+01   3.9027100e+01   2.9612600e+01
   1.1983600e+01   3.8001400e+01   2.8183600e+01
   1.1918800e+01   3.7106200e+01   2.6902800e+01
   1.1864500e+01   3.6091500e+01   2.5654900e+01
   1.1821200e+01   3.4956400e+01   2.4560500e+01
   1.1804100e+01   3.3653600e+01   2.3712200e+01
   1.1806400e+01   3.2233000e+01   2.3122300e+01
   1.1817500e+01   3.0756200e+01   2.2726400e+01
   1.1832700e+01   2.9234200e+01   2.2440300e+01
   1.1847700e+01   2.7786700e+01   2.2216400e+01
   1.1930500e+01   2.5940500e+01   2.2003100e+01
   1.4456300e+01   3.7669900e+01   2.9695400e+01
   1.4494000e+01   3.6687400e+01   2.8240200e+01
   1.4446100e+01   3.5872700e+01   2.6992200e+01
   1.4410200e+01   3.4907900e+01   2.5779200e+01
   1.4380600e+01   3.3812000e+01   2.4745600e+01
   1.4372200e+01   3.2556800e+01   2.3959500e+01
   1.4378100e+01   3.1196400e+01   2.3420100e+01
   1.4388400e+01   2.9791200e+01   2.3057800e+01
   1.4399600e+01   2.8341000e+01   2.2786100e+01
   1.4403000e+01   2.7006200e+01   2.2556200e+01
   1.4483800e+01   2.5149800e+01   2.2303000e+01
   1.7013600e+01   3.6520500e+01   2.9802800e+01
   1.7081500e+01   3.5588300e+01   2.8327200e+01
   1.7049300e+01   3.4842900e+01   2.7098200e+01
   1.7030000e+01   3.3923000e+01   2.5911100e+01
   1.7012900e+01   3.2862300e+01   2.4927700e+01
   1.7012200e+01   3.1653400e+01   2.4191600e+01
   1.7020800e+01   3.0353200e+01   2.3689300e+01
   1.7029700e+01   2.9019500e+01   2.3346100e+01
   1.7036200e+01   2.7644600e+01   2.3074200e+01
   1.7028700e+01   2.6415000e+01   2.2822600e+01
   1.7102400e+01   2.4594700e+01   2.2516500e+01
   1.9637200e+01   3.5568500e+01   2.9915000e+01
   1.9725600e+01   3.4687300e+01   2.8427200e+01
   1.9707500e+01   3.3991600e+01   2.7205100e+01
   1.9701100e+01   3.3103200e+01   2.6036600e+01
   1.9693400e+01   3.2063900e+01   2.5094300e+01
   1.9696800e+01   3.0888400e+01   2.4398300e+01
   1.9704500e+01   2.9635300e+01   2.3921800e+01
   1.9708400e+01   2.8359300e+01   2.3586100e+01
   1.9706300e+01   2.7048100e+01   2.3302800e+01
   1.9685300e+01   2.5898300e+01   2.3017500e+01
   1.9743900e+01   2.4145000e+01   2.2651300e+01
   2.2299600e+01   3.4762900e+01   3.0025300e+01
   2.2400200e+01   3.3933300e+01   2.8537300e+01
   2.2395800e+01   3.3267500e+01   2.7312900e+01
   2.2399900e+01   3.2396800e+01   2.6159500e+01
   2.2399400e+01   3.1364600e+01   2.5252300e+01
   2.2404400e+01   3.0208600e+01   2.4589700e+01
   2.2408600e+01   2.8988600e+01   2.4131700e+01
   2.2404900e+01   2.7754900e+01   2.3795900e+01
   2.2391300e+01   2.6494900e+01   2.3494000e+01
   2.2355400e+01   2.5398200e+01   2.3167600e+01
   2.2392700e+01   2.3741300e+01   2.2740400e+01
   2.4981500e+01   3.4052000e+01   3.0132800e+01
   2.5087200e+01   3.3277300e+01   2.8659500e+01
   2.5097200e+01   3.2625500e+01   2.7426400e+01
   2.5110700e+01   3.1762300e+01   2.6286900e+01
   2.5116600e+01   3.0726600e+01   2.5411400e+01
   2.5122100e+01   2.9579800e+01   2.4778100e+01
   2.5121400e+01   2.8382200e+01   2.4333800e+01
   2.5108900e+01   2.7179100e+01   2.3993300e+01
   2.5082400e+01   2.5961200e+01   2.3668600e+01
   2.5031900e+01   2.4895100e+01   2.3296900e+01
   2.5044000e+01   2.3365200e+01   2.2812300e+01
   2.7674200e+01   3.3407100e+01   3.0237100e+01
   2.7777700e+01   3.2691300e+01   2.8794600e+01
   2.7802500e+01   3.2040500e+01   2.7548900e+01
   2.7824400e+01   3.1177100e+01   2.6424000e+01
   2.7835900e+01   3.0130500e+01   2.5578000e+01
   2.7841200e+01   2.8985200e+01   2.4971500e+01
   2.7835300e+01   2.7802000e+01   2.4538100e+01
   2.7813800e+01   2.6620400e+01   2.4190000e+01
   2.7774300e+01   2.5438100e+01   2.3840100e+01
   2.7710500e+01   2.4384600e+01   2.3420500e+01
   2.7696100e+01   2.3010600e+01   2.2885600e+01
   3.0373000e+01   3.2811100e+01   3.0338200e+01
   3.0459700e+01   3.2159600e+01   2.8942200e+01
   3.0492600e+01   3.1501200e+01   2.7681500e+01
   3.0516600e+01   3.0632900e+01   2.6572400e+01
   3.0530000e+01   2.9570900e+01   2.5754300e+01
   3.0533500e+01   2.8421700e+01   2.5172800e+01
   3.0523500e+01   2.7246600e+01   2.4748300e+01
   3.0496600e+01   2.6078800e+01   2.4390800e+01
   3.0449900e+01   2.4925700e+01   2.4014400e+01
   3.0381400e+01   2.3869700e+01   2.3546200e+01
   3.0348300e+01   2.2673900e+01   2.2970600e+01
   3.3075400e+01   3.2253700e+01   3.0435900e+01
   3.3030300e+01   3.1691200e+01   2.9095700e+01
   3.2990700e+01   3.1035700e+01   2.7815900e+01
   3.2961100e+01   3.0172300e+01   2.6721100e+01
   3.2943900e+01   2.9101400e+01   2.5927300e+01
   3.2935100e+01   2.7948900e+01   2.5367600e+01
   3.2931700e+01   2.6776100e+01   2.4950500e+01
   3.2931800e+01   2.5610000e+01   2.4584100e+01
   3.2933400e+01   2.4468200e+01   2.4184000e+01
   3.2942000e+01   2.3380400e+01   2.3672500e+01
   3.3000200e+01   2.2352400e+01   2.3073800e+01
