   7.0969000e+00   2.8340600e+01   2.1565300e+01
   7.1195000e+00   2.6325100e+01   2.1743800e+01
   7.1603000e+00   2.4324500e+01   2.1794400e+01
   7.1732000e+00   2.2697800e+01   2.0887700e+01
   7.5082000e+00   2.0923400e+01   2.0298800e+01
   7.9738000e+00   1.8967700e+01   2.0369800e+01
   8.2901000e+00   1.6968000e+01   2.0788000e+01
   8.4001000e+00   1.4969400e+01   2.1435300e+01
   8.3363000e+00   1.2986000e+01   2.2143800e+01
   8.3165000e+00   1.0944300e+01   2.2457000e+01
   8.2967000e+00   8.8992000e+00   2.2741700e+01
   9.4858000e+00   2.7057800e+01   2.1719000e+01
   9.2390000e+00   2.5295300e+01   2.1785700e+01
   9.1298000e+00   2.3629600e+01   2.1852000e+01
   9.0298000e+00   2.2222100e+01   2.0880600e+01
   9.2972000e+00   2.0591400e+01   2.0303700e+01
   9.7143000e+00   1.8740200e+01   2.0387900e+01
   1.0028500e+01   1.6819600e+01   2.0781400e+01
   1.0204500e+01   1.4879000e+01   2.1373300e+01
   1.0269200e+01   1.2949300e+01   2.2049000e+01
   1.0474000e+01   1.0992500e+01   2.2263300e+01
   1.0865400e+01   8.9122000e+00   2.2489000e+01
   1.1930500e+01   2.5940500e+01   2.2003100e+01
   1.1756000e+01   2.4221000e+01   2.1924300e+01
   1.1680800e+01   2.2781600e+01   2.1977000e+01
   1.1570800e+01   2.1532300e+01   2.0961400e+01
   1.1809400e+01   2.0028200e+01   2.0412500e+01
   1.2175700e+01   1.8302700e+01   2.0512700e+01
   1.2461700e+01   1.6504100e+01   2.0873700e+01
   1.2652300e+01   1.4673600e+01   2.1387900e+01
   1.2751500e+01   1.2845500e+01   2.1994900e+01
   1.2995900e+01   1.1016900e+01   2.2084000e+01
   1.3431000e+01   8.9619000e+00   2.2210800e+01
   1.4483800e+01   2.5149800e+01   2.2303000e+01
   1.4463300e+01   2.3383200e+01   2.2093600e+01
   1.4486400e+01   2.2069400e+01   2.2127600e+01
   1.4419900e+01   2.0899200e+01   2.1110000e+01
   1.4651200e+01   1.9473300e+01   2.0610800e+01
   1.4966500e+01   1.7845700e+01   2.0741400e+01
   1.5206200e+01   1.6153200e+01   2.1092500e+01
   1.5372100e+01   1.4425100e+01   2.1558600e+01
   1.5448400e+01   1.2693800e+01   2.2128900e+01
   1.5650300e+01   1.0984200e+01   2.2165500e+01
   1.6012800e+01   8.9696000e+00   2.2287000e+01
   1.7102400e+01   2.4594700e+01   2.2516500e+01
   1.7263200e+01   2.2767300e+01   2.2222100e+01
   1.7407000e+01   2.1519300e+01   2.2248100e+01
   1.7408500e+01   2.0374700e+01   2.1283400e+01
   1.7638200e+01   1.8989300e+01   2.0861800e+01
   1.7899500e+01   1.7430300e+01   2.1041100e+01
   1.8082300e+01   1.5818700e+01   2.1405700e+01
   1.8202700e+01   1.4172200e+01   2.1850100e+01
   1.8230100e+01   1.2519200e+01   2.2402000e+01
   1.8352300e+01   1.0905200e+01   2.2428100e+01
   1.8583800e+01   8.9373000e+00   2.2573800e+01
   1.9743900e+01   2.4145000e+01   2.2651300e+01
   2.0093200e+01   2.2293600e+01   2.2306500e+01
   2.0366700e+01   2.1082700e+01   2.2326200e+01
   2.0450200e+01   1.9935900e+01   2.1461500e+01
   2.0678800e+01   1.8570100e+01   2.1137900e+01
   2.0884000e+01   1.7060900e+01   2.1376200e+01
   2.1005800e+01   1.5510900e+01   2.1768200e+01
   2.1071900e+01   1.3928300e+01   2.2205100e+01
   2.1041900e+01   1.2337700e+01   2.2738700e+01
   2.1070500e+01   1.0797200e+01   2.2771800e+01
   2.1145500e+01   8.8868000e+00   2.2936200e+01
   2.2392700e+01   2.3741300e+01   2.2740400e+01
   2.2919700e+01   2.1916400e+01   2.2367400e+01
   2.3323200e+01   2.0723200e+01   2.2371800e+01
   2.3495400e+01   1.9557800e+01   2.1642800e+01
   2.3720800e+01   1.8200100e+01   2.1428300e+01
   2.3868700e+01   1.6728900e+01   2.1728800e+01
   2.3929500e+01   1.5226900e+01   2.2155200e+01
   2.3939800e+01   1.3694800e+01   2.2592700e+01
   2.3853800e+01   1.2153900e+01   2.3103400e+01
   2.3787400e+01   1.0666400e+01   2.3157600e+01
   2.3701200e+01   8.8263000e+00   2.3334600e+01
   2.5044000e+01   2.3365200e+01   2.2812300e+01
   2.5719100e+01   2.1617200e+01   2.2425400e+01
   2.6242200e+01   2.0424300e+01   2.2399800e+01
   2.6501500e+01   1.9228100e+01   2.1832200e+01
   2.6717200e+01   1.7870400e+01   2.1731500e+01
   2.6806800e+01   1.6428200e+01   2.2092300e+01
   2.6809600e+01   1.4963400e+01   2.2555700e+01
   2.6768900e+01   1.3471000e+01   2.2998900e+01
   2.6637000e+01   1.1969300e+01   2.3481600e+01
   2.6485200e+01   1.0516400e+01   2.3569500e+01
   2.6252400e+01   8.7607000e+00   2.3753800e+01
   2.7696100e+01   2.3010600e+01   2.2885600e+01
   2.8460300e+01   2.1387600e+01   2.2493900e+01
   2.9072100e+01   2.0179700e+01   2.2422200e+01
   2.9400200e+01   1.8943400e+01   2.2032500e+01
   2.9591900e+01   1.7579300e+01   2.2045800e+01
   2.9620600e+01   1.6158700e+01   2.2461800e+01
   2.9572500e+01   1.4721500e+01   2.2962000e+01
   2.9495500e+01   1.3258700e+01   2.3414700e+01
   2.9343200e+01   1.1786300e+01   2.3865500e+01
   2.9135500e+01   1.0350600e+01   2.3999600e+01
   2.8799600e+01   8.6920000e+00   2.4188100e+01
   3.0348300e+01   2.2673900e+01   2.2970600e+01
   3.1074300e+01   2.1223300e+01   2.2579500e+01
   3.1693100e+01   1.9992000e+01   2.2446100e+01
   3.2038200e+01   1.8710200e+01   2.2240500e+01
   3.2176200e+01   1.7334600e+01   2.2362300e+01
   3.2138800e+01   1.5928200e+01   2.2824400e+01
   3.2055200e+01   1.4509500e+01   2.3358100e+01
   3.1976800e+01   1.3066400e+01   2.3823300e+01
   3.1860900e+01   1.1612300e+01   2.4242400e+01
   3.1674000e+01   1.0175600e+01   2.4437800e+01
   3.1342900e+01   8.6214000e+00   2.4635200e+01
   3.3000200e+01   2.2352400e+01   2.3073800e+01
   3.3305400e+01   2.1137700e+01   2.2691700e+01
   3.3744500e+01   1.9891000e+01   2.2489900e+01
   3.4023900e+01   1.8559400e+01   2.2449100e+01
   3.4083500e+01   1.7159600e+01   2.2653500e+01
   3.3988400e+01   1.5754600e+01   2.3141400e+01
   3.3896700e+01   1.4347000e+01   2.3697900e+01
   3.3866100e+01   1.2917900e+01   2.4175100e+01
   3.3876900e+01   1.1473100e+01   2.4568800e+01
   3.3879600e+01   1.0015700e+01   2.4847500e+01
   3.3882400e+01   8.5496000e+00   2.5094500e+01
