  -4.3821700e+01   3.6147600e+01   1.8684200e+01
  -4.3876400e+01   3.3491600e+01   1.8405400e+01
  -4.3812200e+01   3.0828600e+01   1.8205900e+01
  -4.3723200e+01   2.8160500e+01   1.8110000e+01
  -4.3680200e+01   2.5489500e+01   1.8086900e+01
  -4.3674000e+01   2.2818100e+01   1.8096900e+01
  -4.3637100e+01   2.0147100e+01   1.8131400e+01
  -4.3528600e+01   1.7478500e+01   1.8187400e+01
  -4.3442500e+01   1.4809900e+01   1.8222700e+01
  -4.3426600e+01   1.2138400e+01   1.8228600e+01
  -4.3410800e+01   9.4670000e+00   1.8234600e+01
  -4.1316900e+01   3.7181900e+01   1.9233400e+01
  -4.1462800e+01   3.4416400e+01   1.8910600e+01
  -4.1474500e+01   3.1606300e+01   1.8676400e+01
  -4.1436200e+01   2.8807100e+01   1.8548100e+01
  -4.1415300e+01   2.6019300e+01   1.8500500e+01
  -4.1405300e+01   2.3243800e+01   1.8498100e+01
  -4.1344300e+01   2.0479800e+01   1.8529500e+01
  -4.1193000e+01   1.7727000e+01   1.8589900e+01
  -4.1033700e+01   1.4980500e+01   1.8639600e+01
  -4.0913100e+01   1.2236800e+01   1.8663400e+01
  -4.0762700e+01   9.5160000e+00   1.8691000e+01
  -3.8722100e+01   3.8002900e+01   1.9722300e+01
  -3.8833700e+01   3.5198300e+01   1.9388100e+01
  -3.8831300e+01   3.2300500e+01   1.9143300e+01
  -3.8785500e+01   2.9411800e+01   1.8996900e+01
  -3.8756300e+01   2.6534800e+01   1.8932100e+01
  -3.8737700e+01   2.3671100e+01   1.8919700e+01
  -3.8672600e+01   2.0820700e+01   1.8946900e+01
  -3.8524100e+01   1.7983300e+01   1.9007800e+01
  -3.8365900e+01   1.5154700e+01   1.9062900e+01
  -3.8248300e+01   1.2331700e+01   1.9089400e+01
  -3.8109200e+01   9.5486000e+00   1.9115800e+01
  -3.6059800e+01   3.8617100e+01   2.0151200e+01
  -3.6130100e+01   3.5786300e+01   1.9810300e+01
  -3.6106500e+01   3.2826000e+01   1.9560500e+01
  -3.6049200e+01   2.9872000e+01   1.9401300e+01
  -3.6011700e+01   2.6928800e+01   1.9323600e+01
  -3.5988700e+01   2.3998100e+01   1.9304600e+01
  -3.5927900e+01   2.1080900e+01   1.9330500e+01
  -3.5794600e+01   1.8177500e+01   1.9393800e+01
  -3.5653700e+01   1.5284400e+01   1.9455800e+01
  -3.5558700e+01   1.2398800e+01   1.9485500e+01
  -3.5451200e+01   9.5659000e+00   1.9511400e+01
  -3.3348100e+01   3.9023700e+01   2.0519000e+01
  -3.3381000e+01   3.6175900e+01   2.0174000e+01
  -3.3339000e+01   3.3174800e+01   1.9923000e+01
  -3.3273300e+01   3.0177500e+01   1.9754700e+01
  -3.3231100e+01   2.7189400e+01   1.9667700e+01
  -3.3208100e+01   2.4212900e+01   1.9645600e+01
  -3.3156500e+01   2.1249800e+01   1.9673400e+01
  -3.3043500e+01   1.8301000e+01   1.9742400e+01
  -3.2925600e+01   1.5363700e+01   1.9814300e+01
  -3.2859400e+01   1.2435600e+01   1.9849900e+01
  -3.2789200e+01   9.5687000e+00   1.9878300e+01
  -3.0607300e+01   3.9244300e+01   2.0831100e+01
  -3.0605800e+01   3.6385100e+01   2.0483800e+01
  -3.0547300e+01   3.3361800e+01   2.0234700e+01
  -3.0475400e+01   3.0340300e+01   2.0060300e+01
  -3.0430900e+01   2.7326500e+01   1.9967200e+01
  -3.0410800e+01   2.4323500e+01   1.9945100e+01
  -3.0371200e+01   2.1333700e+01   1.9977800e+01
  -3.0281000e+01   1.8358600e+01   2.0055500e+01
  -3.0188700e+01   1.5396400e+01   2.0140500e+01
  -3.0154500e+01   1.2444800e+01   2.0185000e+01
  -3.0124100e+01   9.5588000e+00   2.0219300e+01
  -2.7851500e+01   3.9291700e+01   2.1090700e+01
  -2.7817000e+01   3.6425700e+01   2.0742800e+01
  -2.7743100e+01   3.3397600e+01   2.0498500e+01
  -2.7666000e+01   3.0370000e+01   2.0320900e+01
  -2.7620600e+01   2.7348600e+01   2.0224600e+01
  -2.7604500e+01   2.4337000e+01   2.0205400e+01
  -2.7578300e+01   2.1338700e+01   2.0246000e+01
  -2.7512100e+01   1.8355600e+01   2.0335700e+01
  -2.7446500e+01   1.5386600e+01   2.0436800e+01
  -2.7445800e+01   1.2429500e+01   2.0493100e+01
  -2.7456400e+01   9.5380000e+00   2.0536500e+01
  -2.5092600e+01   3.9172400e+01   2.1299700e+01
  -2.5025200e+01   3.6304400e+01   2.0952900e+01
  -2.4936100e+01   3.3289100e+01   2.0716500e+01
  -2.4853900e+01   3.0273100e+01   2.0538400e+01
  -2.4807700e+01   2.7261900e+01   2.0441700e+01
  -2.4796100e+01   2.4259400e+01   2.0428300e+01
  -2.4783500e+01   2.1270100e+01   2.0479600e+01
  -2.4741200e+01   1.8296300e+01   2.0584100e+01
  -2.4702100e+01   1.5337800e+01   2.0704400e+01
  -2.4735000e+01   1.2392200e+01   2.0775100e+01
  -2.4786600e+01   9.5077000e+00   2.0830700e+01
  -2.2340300e+01   3.8899200e+01   2.1462000e+01
  -2.2240600e+01   3.6035300e+01   2.1117600e+01
  -2.2137000e+01   3.3051200e+01   2.0891800e+01
  -2.2050100e+01   3.0065100e+01   2.0715800e+01
  -2.2003200e+01   2.7081400e+01   2.0621300e+01
  -2.1995600e+01   2.4104600e+01   2.0616400e+01
  -2.1995500e+01   2.1140000e+01   2.0681000e+01
  -2.1975400e+01   1.8190800e+01   2.0803000e+01
  -2.1960400e+01   1.5257500e+01   2.0945400e+01
  -2.2024500e+01   1.2337800e+01   2.1033000e+01
  -2.2115000e+01   9.4694000e+00   2.1103800e+01
  -1.9602400e+01   3.8485500e+01   2.1581900e+01
  -1.9483600e+01   3.5661100e+01   2.1240600e+01
  -1.9377500e+01   3.2742600e+01   2.1027400e+01
  -1.9295000e+01   2.9810800e+01   2.0855300e+01
  -1.9252500e+01   2.6871600e+01   2.0765000e+01
  -1.9249700e+01   2.3931900e+01   2.0770700e+01
  -1.9258400e+01   2.0999500e+01   2.0851100e+01
  -1.9252100e+01   1.8079400e+01   2.0993400e+01
  -1.9248800e+01   1.5174100e+01   2.1160900e+01
  -1.9329200e+01   1.2281600e+01   2.1268400e+01
  -1.9442100e+01   9.4251000e+00   2.1358100e+01
  -1.6885200e+01   3.9100600e+01   2.1662500e+01
  -1.6889300e+01   3.6084300e+01   2.1324000e+01
  -1.6883500e+01   3.3058300e+01   2.1123500e+01
  -1.6873600e+01   3.0044000e+01   2.0953600e+01
  -1.6873600e+01   2.7039800e+01   2.0865100e+01
  -1.6886000e+01   2.4048400e+01   2.0879900e+01
  -1.6887200e+01   2.1074600e+01   2.0976000e+01
  -1.6851100e+01   1.8121000e+01   2.1140900e+01
  -1.6786700e+01   1.5188700e+01   2.1338700e+01
  -1.6777400e+01   1.2273500e+01   2.1474100e+01
  -1.6768100e+01   9.3760000e+00   2.1595200e+01
