   6.3169300e+01   8.1012000e+00   3.7238300e+01
   6.2970900e+01   8.0699000e+00   3.6696600e+01
   6.2795200e+01   8.0418000e+00   3.6148700e+01
   6.2614900e+01   8.0148000e+00   3.5602400e+01
   6.2381600e+01   7.9871000e+00   3.5072500e+01
   6.2107100e+01   7.9639000e+00   3.4559200e+01
   6.1806600e+01   7.9424000e+00   3.4057700e+01
   6.1446500e+01   7.9222000e+00   3.3588000e+01
   6.1021300e+01   7.9100000e+00   3.3164900e+01
   6.0556100e+01   7.9018000e+00   3.2777400e+01
   6.0054600e+01   7.8972000e+00   3.2423400e+01
   6.2721900e+01   9.0365000e+00   3.7248700e+01
   6.2559600e+01   9.0304000e+00   3.6829800e+01
   6.2382800e+01   9.0074000e+00   3.6240300e+01
   6.2209000e+01   8.9901000e+00   3.5688900e+01
   6.1976000e+01   8.9715000e+00   3.5148200e+01
   6.1701000e+01   8.9586000e+00   3.4628700e+01
   6.1403000e+01   8.9484000e+00   3.4119500e+01
   6.1038900e+01   8.9387000e+00   3.3646700e+01
   6.0612300e+01   8.9389000e+00   3.3224900e+01
   6.0131200e+01   8.9372000e+00   3.2830600e+01
   5.9676100e+01   8.9645000e+00   3.2520500e+01
   6.2304500e+01   9.9846000e+00   3.7270400e+01
   6.2186100e+01   1.0017500e+01   3.6929700e+01
   6.2022600e+01   1.0016500e+01   3.6281700e+01
   6.1869300e+01   1.0023300e+01   3.5704600e+01
   6.1652600e+01   1.0025500e+01   3.5133000e+01
   6.1394200e+01   1.0032100e+01   3.4586700e+01
   6.1115900e+01   1.0039700e+01   3.4049700e+01
   6.0766800e+01   1.0044200e+01   3.3553500e+01
   6.0359300e+01   1.0057300e+01   3.3112300e+01
   5.9885200e+01   1.0060400e+01   3.2691500e+01
   5.9492400e+01   1.0111900e+01   3.2394000e+01
   6.1996100e+01   1.0972200e+01   3.7274500e+01
   6.1929300e+01   1.1028200e+01   3.6941300e+01
   6.1795100e+01   1.1041200e+01   3.6198800e+01
   6.1676400e+01   1.1062800e+01   3.5553200e+01
   6.1491400e+01   1.1077200e+01   3.4908800e+01
   6.1264900e+01   1.1094000e+01   3.4292800e+01
   6.1020900e+01   1.1110000e+01   3.3685300e+01
   6.0702400e+01   1.1119300e+01   3.3122000e+01
   6.0329600e+01   1.1135400e+01   3.2616100e+01
   5.9880800e+01   1.1134000e+01   3.2124800e+01
   5.9557100e+01   1.1195000e+01   3.1781600e+01
   6.2000100e+01   1.1997200e+01   3.7213800e+01
   6.1952500e+01   1.2062700e+01   3.6855900e+01
   6.1825900e+01   1.2083800e+01   3.6025100e+01
   6.1717600e+01   1.2113600e+01   3.5307900e+01
   6.1542000e+01   1.2133800e+01   3.4589400e+01
   6.1325300e+01   1.2154600e+01   3.3901800e+01
   6.1092000e+01   1.2172600e+01   3.3222800e+01
   6.0781900e+01   1.2180700e+01   3.2591200e+01
   6.0420900e+01   1.2193000e+01   3.2018900e+01
   5.9977700e+01   1.2182000e+01   3.1458000e+01
   5.9687500e+01   1.2240800e+01   3.1058800e+01
   6.2411200e+01   1.2937300e+01   3.7120500e+01
   6.2328600e+01   1.3022200e+01   3.6719800e+01
   6.2165900e+01   1.3066800e+01   3.5824000e+01
   6.2021700e+01   1.3119200e+01   3.5048100e+01
   6.1811100e+01   1.3160100e+01   3.4270900e+01
   6.1559800e+01   1.3199600e+01   3.3526400e+01
   6.1291700e+01   1.3234500e+01   3.2791800e+01
   6.0945800e+01   1.3256600e+01   3.2107600e+01
   6.0551400e+01   1.3280000e+01   3.1483800e+01
   6.0072700e+01   1.3276200e+01   3.0871900e+01
   5.9756100e+01   1.3343500e+01   3.0424200e+01
   6.3129600e+01   1.3677100e+01   3.7038200e+01
   6.2970700e+01   1.3802400e+01   3.6564500e+01
   6.2737800e+01   1.3894200e+01   3.5617300e+01
   6.2521200e+01   1.3991700e+01   3.4785500e+01
   6.2240800e+01   1.4076100e+01   3.3954600e+01
   6.1920100e+01   1.4156600e+01   3.3157400e+01
   6.1581300e+01   1.4230500e+01   3.2372300e+01
   6.1165000e+01   1.4289000e+01   3.1640300e+01
   6.0701800e+01   1.4344900e+01   3.0969000e+01
   6.0156200e+01   1.4371700e+01   3.0312900e+01
   5.9763100e+01   1.4464600e+01   2.9812700e+01
   6.3975800e+01   1.4272100e+01   3.6961300e+01
   6.3720800e+01   1.4452100e+01   3.6382000e+01
   6.3403300e+01   1.4607000e+01   3.5394600e+01
   6.3097100e+01   1.4764500e+01   3.4507200e+01
   6.2730900e+01   1.4907700e+01   3.3625200e+01
   6.2324900e+01   1.5044200e+01   3.2777000e+01
   6.1898000e+01   1.5172000e+01   3.1944100e+01
   6.1395200e+01   1.5282100e+01   3.1166300e+01
   6.0845900e+01   1.5385200e+01   3.0448600e+01
   6.0220200e+01   1.5458900e+01   2.9752100e+01
   5.9719600e+01   1.5586900e+01   2.9194300e+01
   6.4871700e+01   1.4791700e+01   3.6886600e+01
   6.4514300e+01   1.5036200e+01   3.6173600e+01
   6.4109400e+01   1.5263600e+01   3.5158500e+01
   6.3708600e+01   1.5489900e+01   3.4219200e+01
   6.3253100e+01   1.5701000e+01   3.3291600e+01
   6.2758100e+01   1.5902600e+01   3.2397400e+01
   6.2238300e+01   1.6093200e+01   3.1522600e+01
   6.1645500e+01   1.6264100e+01   3.0704500e+01
   6.1005700e+01   1.6423100e+01   2.9945200e+01
   6.0299200e+01   1.6554100e+01   2.9215700e+01
   5.9674700e+01   1.6720400e+01   2.8600800e+01
   6.5767900e+01   1.5281800e+01   3.6710500e+01
   6.5308300e+01   1.5598400e+01   3.5853800e+01
   6.4818400e+01   1.5904000e+01   3.4836600e+01
   6.4324000e+01   1.6204400e+01   3.3864800e+01
   6.3781900e+01   1.6489300e+01   3.2912800e+01
   6.3200900e+01   1.6762000e+01   3.1993500e+01
   6.2590700e+01   1.7021400e+01   3.1098500e+01
   6.1911800e+01   1.7259500e+01   3.0261500e+01
   6.1184900e+01   1.7480600e+01   2.9481800e+01
   6.0403700e+01   1.7676200e+01   2.8741900e+01
   5.9648400e+01   1.7881000e+01   2.8088700e+01
   6.6354500e+01   1.5690600e+01   3.6024500e+01
   6.5818700e+01   1.6086300e+01   3.5078000e+01
   6.5270400e+01   1.6475300e+01   3.4138500e+01
   6.4708300e+01   1.6856200e+01   3.3207400e+01
   6.4106100e+01   1.7222900e+01   3.2301900e+01
   6.3465700e+01   1.7576300e+01   3.1425500e+01
   6.2790800e+01   1.7915800e+01   3.0576900e+01
   6.2052200e+01   1.8234600e+01   2.9785000e+01
   6.1264200e+01   1.8533200e+01   2.9046800e+01
   6.0435100e+01   1.8812100e+01   2.8358200e+01
   5.9564800e+01   1.9069900e+01   2.7724500e+01
