   2.6826096e-02  -5.8087217e-02   7.9946792e-02   8.6068420e-02   5.9605640e-03  -2.6961481e-02  -9.3312944e-02   3.9248590e-02   7.5406887e-02  -2.9954524e-01   1.4311121e-01  -1.2490194e-02   1.0000000e+00   1.1526995e-01
   2.6812015e-02  -5.8085452e-02   7.9946744e-02   8.6060112e-02   5.9508071e-03  -2.6962172e-02  -9.3317383e-02   3.9247250e-02   7.5396842e-02  -2.9954496e-01   1.4468695e-01  -1.2563636e-02   1.0000000e+00   4.4791775e-01
   2.7728228e-02  -5.8092438e-02   7.9944657e-02   8.6224372e-02   5.5907812e-03  -2.6871657e-02  -9.3261380e-02   3.9225052e-02   7.5556161e-02  -2.9952906e-01   1.4558526e-01  -1.3139961e-02   1.0000000e+00             Inf
   2.6825799e-02  -5.8087243e-02   7.9946793e-02   8.6068253e-02   5.9602022e-03  -2.6961440e-02  -9.3312918e-02   3.9248591e-02   7.5406880e-02  -2.9954525e-01   1.4334198e-01  -1.2517445e-02   1.0000000e+00   5.0790861e-01
   2.7006360e-02  -5.8144093e-02   8.0018644e-02   8.6074193e-02   5.4118359e-03  -2.6932654e-02  -9.3173595e-02   3.9242845e-02   7.5547329e-02  -2.9954159e-01   1.4302663e-01  -1.2144047e-02   1.0000000e+00   9.3073401e-01
   2.7720618e-02  -5.8093242e-02   7.9946052e-02   8.6224910e-02   5.5907345e-03  -2.6871538e-02  -9.3267123e-02   3.9225121e-02   7.5552606e-02  -2.9951915e-01   1.4469240e-01  -1.2913110e-02   1.0000000e+00   3.0985064e-01
  -1.7642741e-02  -9.2175987e-02   9.3022294e-02   8.3481823e-02  -1.0907110e-02   2.1643717e-02  -8.4867445e-02   4.4189289e-02   1.0000000e-01  -2.9998896e-01   1.4295098e-01   1.0663866e-02   1.0000000e+00   1.0665126e+00
  -1.6705188e-02  -9.2758794e-02   9.2549511e-02   8.3387238e-02  -1.0631337e-02   2.3160425e-02  -8.4227641e-02   4.4018589e-02   9.9253896e-02  -2.9998843e-01   1.4248570e-01   1.1371828e-02   1.0000000e+00   2.5150675e-01
   2.7006315e-02  -5.8142770e-02   8.0018627e-02   8.6073796e-02   5.4387287e-03  -2.6931779e-02  -9.3173152e-02   3.9242629e-02   7.5549141e-02  -2.9954158e-01   1.4246572e-01   1.3190301e-02   1.0000000e+00             Inf
   2.6832241e-02  -5.8085441e-02   7.9946744e-02   8.6065638e-02   5.9540842e-03  -2.6962471e-02  -9.3314111e-02   3.9248634e-02   7.5407172e-02  -2.9954534e-01   1.4324748e-01  -1.2457209e-02   2.0000000e+00             Inf
   2.6832192e-02  -5.8085532e-02   7.9946742e-02   8.6065635e-02   5.9535530e-03  -2.6962556e-02  -9.3314067e-02   3.9248626e-02   7.5407160e-02  -2.9954534e-01   1.4322925e-01  -1.1989656e-02   2.0000000e+00   2.7062614e-01
  -1.7034947e-02  -9.0839836e-02   9.2548421e-02   8.3455554e-02  -1.0707978e-02   2.2714726e-02  -8.4309660e-02   4.4110143e-02   1.0000000e-01  -2.9998940e-01   1.4312879e-01  -1.0230952e-02   2.0000000e+00   1.0290616e+00
   2.6822819e-02  -5.8085462e-02   7.9946707e-02   8.6055395e-02   5.9430330e-03  -2.6960477e-02  -9.3315971e-02   3.9246834e-02   7.5397361e-02  -2.9954479e-01   1.4305736e-01   1.1240816e-02   2.0000000e+00   7.2367380e-01
   2.7761639e-02  -5.8092550e-02   7.9942469e-02   8.6220132e-02   5.6009670e-03  -2.6873089e-02  -9.3266938e-02   3.9224982e-02   7.5557977e-02  -2.9952043e-01   1.4312029e-01   1.0573492e-02   2.0000000e+00   9.2874991e-01
   2.6812058e-02  -5.8086758e-02   7.9946761e-02   8.6060510e-02   5.9249589e-03  -2.6963042e-02  -9.3317810e-02   3.9247458e-02   7.5394992e-02  -2.9954498e-01   1.4273276e-01   1.3638256e-02   2.0000000e+00   7.8819470e-01
   2.6812059e-02  -5.8086754e-02   7.9946761e-02   8.6060492e-02   5.9236170e-03  -2.6963042e-02  -9.3317865e-02   3.9247464e-02   7.5395017e-02  -2.9954498e-01   1.4261390e-01   1.3698489e-02   2.0000000e+00   2.0091949e-01
   2.6812062e-02  -5.8086763e-02   7.9946761e-02   8.6060504e-02   5.9238737e-03  -2.6963070e-02  -9.3317829e-02   3.9247463e-02   7.5395051e-02  -2.9954498e-01   1.4260913e-01   1.3828785e-02   2.0000000e+00             Inf
   2.6812060e-02  -5.8086774e-02   7.9946761e-02   8.6060509e-02   5.9239143e-03  -2.6963046e-02  -9.3317826e-02   3.9247465e-02   7.5395029e-02  -2.9954498e-01   1.4262551e-01   1.3860167e-02   3.0000000e+00             Inf
   2.6856253e-02  -5.8087538e-02   7.9946651e-02   8.6066673e-02   5.9749770e-03  -2.6961568e-02  -9.3313290e-02   3.9251253e-02   7.5399539e-02  -2.9954475e-01   1.4519625e-01  -1.2413501e-02   3.0000000e+00             Inf
   2.6831945e-02  -5.8085468e-02   7.9946745e-02   8.6065471e-02   5.9537224e-03  -2.6962430e-02  -9.3314085e-02   3.9248635e-02   7.5407165e-02  -2.9954534e-01   1.4323887e-01  -1.1988556e-02   3.0000000e+00   1.1864987e+00
